,trial_index,RT,congruency,stimPosit,respPosit,correction,hand,block1,block2,block3,error_outlier,nblock,postError,P,Q,PE
0,1,633.0,0.0,0.0,0.0,1.0,0.0,1.0,0.0,0.0,0,1.0,0,0.5,0.5,-0.5
1,2,436.5,0.0,1.0,1.0,1.0,1.0,1.0,0.0,0.0,0,1.0,0,0.6052128426087693,0.39478715739123077,-0.39478715739123077
2,3,511.9,0.0,0.0,0.0,1.0,0.0,1.0,0.0,0.0,0,1.0,0,0.6882862007179031,0.31171379928209686,-0.31171379928209686
3,4,419.2,0.0,0.0,0.0,1.0,0.0,1.0,0.0,0.0,0,1.0,0,0.7538787905236006,0.24612120947639937,-0.24612120947639937
4,5,370.7,0.0,1.0,1.0,1.0,1.0,1.0,0.0,0.0,0,1.0,0,0.8056690146742413,0.1943309853257587,-0.1943309853257587
5,6,806.2,1.0,0.0,1.0,0.0,0.0,1.0,0.0,0.0,1,1.0,0,0.8465612454204134,0.15343875457958653,-0.15343875457958653
6,7,521.6,0.0,1.0,1.0,1.0,1.0,1.0,0.0,0.0,0,1.0,1,0.8788487004917487,0.12115129950825132,-0.12115129950825132
7,8,409.0,0.0,1.0,1.0,1.0,1.0,1.0,0.0,0.0,0,1.0,0,0.9043420457057677,0.09565795429423231,-0.09565795429423231
8,9,396.5,0.0,1.0,1.0,1.0,1.0,1.0,0.0,0.0,0,1.0,0,0.9244709362846395,0.0755290637153605,-0.0755290637153605
9,10,408.0,1.0,1.0,0.0,1.0,0.0,1.0,0.0,0.0,0,1.0,0,0.059635808729216644,0.059635808729216644,0.9403641912707834
10,11,439.4,1.0,0.0,1.0,1.0,1.0,1.0,0.0,0.0,0,1.0,0,0.25751258803140764,0.25751258803140764,0.7424874119685924
11,12,418.8,1.0,1.0,0.0,1.0,0.0,1.0,0.0,0.0,0,1.0,0,0.41375101046029544,0.41375101046029544,0.5862489895397045
12,13,266.2,0.0,1.0,1.0,1.0,1.0,1.0,0.0,0.0,0,1.0,0,0.4628871442077227,0.5371128557922773,-0.5371128557922773
13,14,413.7,0.0,0.0,0.0,1.0,0.0,1.0,0.0,0.0,0,1.0,0,0.5759094849269616,0.4240905150730384,-0.4240905150730384
14,15,377.1,0.0,1.0,1.0,1.0,1.0,1.0,0.0,0.0,0,1.0,0,0.6651490221554646,0.3348509778445355,-0.3348509778445355
15,16,500.5,1.0,0.0,1.0,1.0,1.0,1.0,0.0,0.0,0,1.0,0,0.2643897313858363,0.2643897313858363,0.7356102686141637
16,17,376.0,0.0,0.0,0.0,1.0,0.0,1.0,0.0,0.0,0,1.0,0,0.5808189737879708,0.41918102621202924,-0.41918102621202924
17,18,339.3,0.0,1.0,1.0,1.0,1.0,1.0,0.0,0.0,0,1.0,0,0.669025428458828,0.33097457154117205,-0.33097457154117205
18,19,510.8,0.0,0.0,0.0,1.0,0.0,1.0,0.0,0.0,0,1.0,0,0.7386709794649603,0.2613290205350397,-0.2613290205350397
19,20,338.3,0.0,1.0,1.0,1.0,1.0,1.0,0.0,0.0,0,1.0,0,0.7936613176782742,0.2063386823217258,-0.2063386823217258
20,21,381.8,0.0,0.0,0.0,1.0,0.0,1.0,0.0,0.0,0,1.0,0,0.8370802762927073,0.16291972370729266,-0.16291972370729266
21,22,393.1,0.0,0.0,0.0,1.0,0.0,1.0,0.0,0.0,0,1.0,0,0.8713627707892664,0.12863722921073356,-0.12863722921073356
22,23,400.6,1.0,1.0,0.0,1.0,0.0,1.0,0.0,0.0,0,1.0,0,0.1015686521095794,0.1015686521095794,0.8984313478904206
23,24,356.0,1.0,1.0,0.0,1.0,0.0,1.0,0.0,0.0,0,1.0,0,0.29062168411033784,0.29062168411033784,0.7093783158896622
24,25,343.5,0.0,0.0,0.0,1.0,0.0,1.0,0.0,0.0,0,1.0,0,0.5601068976901166,0.43989310230988343,-0.43989310230988343
25,26,294.9,1.0,0.0,1.0,1.0,1.0,1.0,0.0,0.0,0,1.0,0,0.34732829483385746,0.34732829483385746,0.6526717051661426
26,27,298.3,0.0,1.0,1.0,1.0,1.0,1.0,0.0,0.0,0,1.0,0,0.5153328143844578,0.48466718561554223,-0.48466718561554223
27,28,277.8,0.0,1.0,1.0,1.0,1.0,1.0,0.0,0.0,0,1.0,0,0.6173192390200641,0.38268076097993586,-0.38268076097993586
28,29,405.3,1.0,1.0,0.0,1.0,0.0,1.0,0.0,0.0,0,1.0,0,0.3021548996311638,0.3021548996311638,0.6978451003688362
29,30,720.6,0.0,0.0,0.0,1.0,0.0,1.0,0.0,0.0,2,1.0,0,0.5510005669480219,0.4489994330519781,-0.4489994330519781
30,31,652.1,1.0,1.0,0.0,1.0,0.0,1.0,0.0,0.0,0,1.0,0,0.3545184196897293,0.3545184196897293,0.6454815803102707
31,32,399.6,1.0,1.0,0.0,1.0,0.0,1.0,0.0,0.0,0,1.0,0,0.49034432352181756,0.49034432352181756,0.5096556764781824
32,33,467.0,0.0,0.0,0.0,1.0,0.0,1.0,0.0,0.0,0,1.0,0,0.4024110315302528,0.5975889684697472,-0.5975889684697472
33,34,414.5,1.0,0.0,1.0,1.0,1.0,1.0,0.0,0.0,0,1.0,0,0.47184090030105863,0.47184090030105863,0.5281590996989414
34,35,341.8,0.0,1.0,1.0,1.0,1.0,1.0,0.0,0.0,0,1.0,0,0.4170208592409135,0.5829791407590865,-0.5829791407590865
35,36,325.3,0.0,0.0,0.0,1.0,0.0,1.0,0.0,0.0,0,1.0,0,0.539694644402676,0.46030535559732394,-0.46030535559732394
36,37,812.5,0.0,1.0,1.0,0.0,0.0,1.0,0.0,0.0,1,1.0,0,0.36344528573645435,0.36344528573645435,0.6365547142635457
37,38,423.9,0.0,1.0,1.0,1.0,1.0,1.0,0.0,0.0,0,1.0,1,0.5026072523361846,0.49739274766381536,-0.49739274766381536
38,39,371.3,0.0,0.0,0.0,1.0,0.0,1.0,0.0,0.0,0,1.0,0,0.6072714620855773,0.3927285379144228,-0.3927285379144228
39,40,630.8,1.0,0.0,1.0,1.0,1.0,1.0,0.0,0.0,0,1.0,0,0.31008836621929836,0.31008836621929836,0.6899116337807016
40,41,466.3,1.0,1.0,0.0,1.0,0.0,1.0,0.0,0.0,0,1.0,0,0.455263494497154,0.455263494497154,0.544736505502846
41,42,493.6,0.0,0.0,0.0,1.0,0.0,1.0,0.0,0.0,0,1.0,0,0.43010995306940225,0.5698900469305977,-0.5698900469305977
42,43,449.1,0.0,1.0,1.0,1.0,1.0,1.0,0.0,0.0,0,1.0,0,0.5500294566934285,0.44997054330657155,-0.44997054330657155
43,44,428.6,0.0,0.0,0.0,1.0,0.0,1.0,0.0,0.0,0,1.0,0,0.6447148165964218,0.3552851834035782,-0.3552851834035782
44,45,400.0,0.0,0.0,0.0,1.0,0.0,1.0,0.0,0.0,0,1.0,0,0.7194759447617586,0.2805240552382414,-0.2805240552382414
45,46,503.4,1.0,1.0,0.0,1.0,0.0,1.0,0.0,0.0,0,1.0,0,0.22149458869473188,0.22149458869473188,0.7785054113052681
46,47,386.9,0.0,1.0,1.0,1.0,1.0,1.0,0.0,0.0,0,1.0,0,0.6146878766857955,0.3853121233142045,-0.3853121233142045
47,48,358.3,1.0,1.0,0.0,1.0,0.0,1.0,0.0,0.0,0,1.0,0,0.30423255574318836,0.30423255574318836,0.6957674442568116
48,49,421.7,0.0,0.0,0.0,1.0,0.0,1.0,0.0,0.0,0,1.0,0,0.5493601030470165,0.45063989695298345,-0.45063989695298345
49,50,353.1,0.0,0.0,0.0,1.0,0.0,1.0,0.0,0.0,0,1.0,0,0.644186312149709,0.355813687850291,-0.355813687850291
50,51,388.6,0.0,0.0,0.0,1.0,0.0,1.0,0.0,0.0,0,1.0,0,0.7190586512253858,0.2809413487746142,-0.2809413487746142
51,52,328.1,0.0,0.0,0.0,1.0,0.0,1.0,0.0,0.0,0,1.0,0,0.7781759270472235,0.22182407295277654,-0.22182407295277654
52,53,283.5,0.0,0.0,0.0,1.0,0.0,1.0,0.0,0.0,0,1.0,0,0.8248534095960567,0.1751465904039433,-0.1751465904039433
53,54,442.9,1.0,0.0,1.0,1.0,1.0,1.0,0.0,0.0,0,1.0,0,0.13829124910467797,0.13829124910467797,0.8617087508953221
54,55,350.4,0.0,0.0,0.0,1.0,0.0,1.0,0.0,0.0,0,1.0,0,0.6803830965302247,0.3196169034697753,-0.3196169034697753
55,56,409.8,0.0,0.0,0.0,0.0,1.0,1.0,0.0,0.0,1,1.0,0,0.25236129755004,0.25236129755004,0.74763870244996
56,57,437.2,0.0,0.0,0.0,1.0,0.0,1.0,0.0,0.0,0,1.0,1,0.5903163161917758,0.4096836838082242,-0.4096836838082242
57,58,464.7,1.0,1.0,0.0,1.0,0.0,1.0,0.0,0.0,0,1.0,0,0.3234757139204332,0.3234757139204332,0.6765242860795668
58,59,316.1,0.0,0.0,0.0,1.0,0.0,1.0,0.0,0.0,0,1.0,0,0.5341661996149679,0.4658338003850321,-0.4658338003850321
59,60,359.6,0.0,1.0,1.0,1.0,1.0,1.0,0.0,0.0,0,1.0,0,0.6321895962584783,0.3678104037415217,-0.3678104037415217
60,61,335.0,1.0,0.0,1.0,1.0,1.0,1.0,0.0,0.0,0,1.0,0,0.2904136475040725,0.2904136475040725,0.7095863524959275
61,62,378.4,0.0,1.0,1.0,1.0,1.0,1.0,0.0,0.0,0,1.0,0,0.5602711580509582,0.4397288419490418,-0.4397288419490418
62,63,373.9,1.0,1.0,0.0,1.0,0.0,1.0,0.0,0.0,0,1.0,0,0.347198599072,0.347198599072,0.652801400928
63,64,441.3,1.0,0.0,1.0,1.0,1.0,1.0,0.0,0.0,0,1.0,0,0.4845647811732434,0.4845647811732434,0.5154352188267566
64,65,376.7,1.0,0.0,1.0,1.0,1.0,1.0,0.0,0.0,0,1.0,0,0.5930255902801156,0.5930255902801156,0.4069744097198844
65,66,360.2,1.0,0.0,1.0,1.0,1.0,1.0,0.0,0.0,0,1.0,0,0.6786634593114255,0.6786634593114255,0.32133654068857453
66,67,359.6,0.0,1.0,1.0,1.0,1.0,1.0,0.0,0.0,0,1.0,0,0.2537190789287478,0.7462809210712522,-0.7462809210712522
67,68,303.1,0.0,1.0,1.0,1.0,1.0,1.0,0.0,0.0,0,1.0,0,0.4107557531099417,0.5892442468900583,-0.5892442468900583
68,69,294.5,0.0,1.0,1.0,1.0,1.0,1.0,0.0,0.0,0,1.0,0,0.5347478775222747,0.46525212247772535,-0.46525212247772535
69,70,321.9,0.0,0.0,0.0,1.0,0.0,1.0,0.0,0.0,0,1.0,0,0.6326488741935641,0.36735112580643586,-0.36735112580643586
70,71,345.4,0.0,1.0,1.0,1.0,1.0,1.0,0.0,0.0,0,1.0,0,0.7099489865568176,0.2900510134431824,-0.2900510134431824
71,72,324.9,0.0,0.0,0.0,1.0,0.0,1.0,0.0,0.0,0,1.0,0,0.7709831698086407,0.2290168301913593,-0.2290168301913593
72,73,396.0,0.0,0.0,0.0,1.0,0.0,1.0,0.0,0.0,0,1.0,0,0.8191741932280061,0.18082580677199386,-0.18082580677199386
73,74,367.4,0.0,1.0,1.0,1.0,1.0,1.0,0.0,0.0,0,1.0,0,0.8572245875230171,0.14277541247698283,-0.14277541247698283
74,75,378.9,0.0,0.0,0.0,1.0,0.0,1.0,0.0,0.0,0,1.0,0,0.887268201525703,0.11273179847429703,-0.11273179847429703
75,76,374.3,0.0,0.0,0.0,1.0,0.0,1.0,0.0,0.0,0,1.0,0,0.9109898674654624,0.08901013253453761,-0.08901013253453761
76,77,269.7,0.0,1.0,1.0,1.0,1.0,1.0,0.0,0.0,0,1.0,0,0.9297198855953464,0.07028011440465362,-0.07028011440465362
77,78,321.2,0.0,0.0,0.0,1.0,0.0,1.0,0.0,0.0,0,1.0,0,0.9445086268261126,0.05549137317388739,-0.05549137317388739
78,79,424.6,1.0,0.0,1.0,1.0,1.0,1.0,0.0,0.0,0,1.0,0,0.043814562950110006,0.043814562950110006,0.95618543704989
79,80,380.0,1.0,1.0,0.0,1.0,0.0,1.0,0.0,0.0,0,1.0,0,0.2450205387363646,0.2450205387363646,0.7549794612636354
80,81,387.5,0.0,0.0,0.0,1.0,0.0,1.0,0.0,0.0,0,1.0,0,0.5961123908020669,0.4038876091979331,-0.4038876091979331
81,82,498.9,0.0,0.0,0.0,1.0,0.0,1.0,0.0,0.0,0,1.0,0,0.6811007177184154,0.31889928228158465,-0.31889928228158465
82,83,378.4,0.0,1.0,1.0,1.0,1.0,1.0,0.0,0.0,0,1.0,0,0.748205317707899,0.251794682292101,-0.251794682292101
83,84,293.8,0.0,0.0,0.0,1.0,0.0,1.0,0.0,0.0,0,1.0,0,0.8011893862633468,0.19881061373665326,-0.19881061373665326
84,85,485.2,1.0,0.0,1.0,1.0,1.0,1.0,0.0,0.0,0,1.0,0,0.15697575411259862,0.15697575411259862,0.8430242458874013
85,86,352.7,0.0,0.0,0.0,1.0,0.0,1.0,0.0,0.0,0,1.0,0,0.6656302912915464,0.3343697087084537,-0.3343697087084537
86,87,388.2,0.0,0.0,0.0,1.0,0.0,1.0,0.0,0.0,0,1.0,0,0.7359902663625114,0.2640097336374886,-0.2640097336374886
87,88,375.5,0.0,1.0,1.0,1.0,1.0,1.0,0.0,0.0,0,1.0,0,0.7915446954672798,0.20845530453272024,-0.20845530453272024
88,89,331.0,0.0,1.0,1.0,1.0,1.0,1.0,0.0,0.0,0,1.0,0,0.8354090457608081,0.16459095423919193,-0.16459095423919193
89,90,330.4,0.0,1.0,1.0,1.0,1.0,1.0,0.0,0.0,0,1.0,0,0.8700432100871985,0.12995678991280146,-0.12995678991280146
90,91,425.9,1.0,1.0,0.0,1.0,0.0,1.0,0.0,0.0,0,1.0,0,0.10261054334672852,0.10261054334672852,0.8973894566532715
91,92,397.3,1.0,1.0,0.0,1.0,0.0,1.0,0.0,0.0,0,1.0,0,0.2914443346699877,0.2914443346699877,0.7085556653300122
92,93,384.8,0.0,0.0,0.0,0.0,1.0,1.0,0.0,0.0,1,1.0,0,0.44054264606182436,0.44054264606182436,0.5594573539381756
93,94,404.2,0.0,1.0,1.0,1.0,1.0,1.0,0.0,0.0,0,1.0,1,0.4417331568857441,0.5582668431142559,-0.5582668431142559
94,95,491.7,0.0,1.0,1.0,1.0,1.0,1.0,0.0,0.0,0,1.0,0,0.5592068398822935,0.44079316011770653,-0.44079316011770653
95,96,295.0,0.0,1.0,1.0,1.0,1.0,1.0,0.0,0.0,0,1.0,0,0.651961042639266,0.348038957360734,-0.348038957360734
96,97,362.5,0.0,0.0,0.0,1.0,0.0,1.0,0.0,0.0,0,1.0,0,0.7251973787242961,0.2748026212757039,-0.2748026212757039
97,98,294.0,0.0,1.0,1.0,1.0,1.0,1.0,0.0,0.0,0,1.0,0,0.7830229086058118,0.21697709139418817,-0.21697709139418817
98,99,253.4,0.0,0.0,0.0,1.0,0.0,1.0,0.0,0.0,0,1.0,0,0.8286804617389423,0.17131953826105767,-0.17131953826105767
99,100,336.8,0.0,0.0,0.0,0.0,1.0,1.0,0.0,0.0,1,1.0,0,0.13526950703132232,0.13526950703132232,0.8647304929686777
100,101,528.2,0.0,1.0,1.0,1.0,1.0,1.0,0.0,0.0,0,1.0,1,0.6827689864572439,0.3172310135427561,-0.3172310135427561
101,102,407.7,0.0,1.0,1.0,1.0,1.0,1.0,0.0,0.0,0,1.0,0,0.7495225398542326,0.25047746014576744,-0.25047746014576744
102,103,399.1,0.0,0.0,0.0,1.0,0.0,1.0,0.0,0.0,0,1.0,0,0.8022294310369543,0.19777056896304565,-0.19777056896304565
103,104,338.5,0.0,0.0,0.0,1.0,0.0,1.0,0.0,0.0,0,1.0,0,0.8438454385268657,0.15615456147313433,-0.15615456147313433
104,105,346.0,0.0,0.0,0.0,1.0,0.0,1.0,0.0,0.0,0,1.0,0,0.8767043691246942,0.12329563087530582,-0.12329563087530582
105,106,585.5,0.0,0.0,0.0,1.0,0.0,1.0,0.0,0.0,0,1.0,0,0.9026489367359591,0.0973510632640409,-0.0973510632640409
106,107,364.9,0.0,1.0,1.0,1.0,1.0,1.0,0.0,0.0,0,1.0,0,0.9231341009299509,0.07686589907004916,-0.07686589907004916
107,108,320.3,0.0,0.0,0.0,1.0,0.0,1.0,0.0,0.0,0,1.0,0,0.9393086604116281,0.06069133958837192,-0.06069133958837192
108,109,551.5,0.0,1.0,1.0,0.0,0.0,1.0,0.0,0.0,1,1.0,0,0.04792032286871844,0.04792032286871844,0.9520796771312816
109,110,339.0,1.0,0.0,1.0,1.0,1.0,1.0,0.0,0.0,0,1.0,1,0.24826234131076116,0.24826234131076116,0.7517376586892388
110,111,402.3,0.0,0.0,0.0,1.0,0.0,1.0,0.0,0.0,0,1.0,0,0.5935527467557277,0.40644725324427233,-0.40644725324427233
111,112,473.8,1.0,1.0,0.0,1.0,0.0,1.0,0.0,0.0,0,1.0,0,0.32092031147555994,0.32092031147555994,0.6790796885244401
112,113,613.3,0.0,1.0,1.0,0.0,0.0,1.0,0.0,0.0,1,1.0,0,0.46381612025062785,0.46381612025062785,0.5361838797493721
113,114,408.6,1.0,0.0,1.0,1.0,1.0,1.0,0.0,0.0,0,1.0,1,0.5766429805494877,0.5766429805494877,0.4233570194505123
114,115,460.1,1.0,1.0,0.0,1.0,0.0,1.0,0.0,0.0,0,1.0,0,0.6657281714590165,0.6657281714590165,0.3342718285409835
115,116,595.6,0.0,0.0,0.0,1.0,0.0,1.0,0.0,0.0,0,1.0,0,0.2639324499713275,0.7360675500286725,-0.7360675500286725
116,117,391.0,0.0,1.0,1.0,1.0,1.0,1.0,0.0,0.0,0,1.0,0,0.4188199685525057,0.5811800314474943,-0.5811800314474943
117,118,862.4,0.0,1.0,1.0,1.0,1.0,1.0,0.0,0.0,2,1.0,0,0.5411151749045953,0.45888482509540474,-0.45888482509540474
118,119,425.8,0.0,0.0,0.0,1.0,0.0,1.0,0.0,0.0,0,1.0,0,0.6376763286612261,0.3623236713387739,-0.3623236713387739
119,120,401.3,1.0,0.0,1.0,1.0,1.0,1.0,0.0,0.0,0,1.0,0,0.2860814645267782,0.2860814645267782,0.7139185354732218
120,121,388.7,0.0,1.0,1.0,1.0,1.0,1.0,0.0,0.0,0,1.0,0,0.5636917384567676,0.43630826154323243,-0.43630826154323243
121,122,360.2,0.0,1.0,1.0,1.0,1.0,1.0,0.0,0.0,0,1.0,0,0.6555022033580753,0.34449779664192476,-0.34449779664192476
122,123,363.6,0.0,1.0,1.0,1.0,1.0,1.0,0.0,0.0,0,1.0,0,0.7279933882723845,0.27200661172761553,-0.27200661172761553
123,124,383.0,0.0,1.0,1.0,1.0,1.0,1.0,0.0,0.0,0,1.0,0,0.7852305659288689,0.2147694340711311,-0.2147694340711311
124,125,386.4,0.0,0.0,0.0,1.0,0.0,1.0,0.0,0.0,0,1.0,0,0.8304235712570696,0.16957642874293039,-0.16957642874293039
125,126,433.9,0.0,0.0,0.0,1.0,0.0,1.0,0.0,0.0,0,1.0,0,0.8661068074720438,0.13389319252795617,-0.13389319252795617
126,127,333.4,0.0,1.0,1.0,1.0,1.0,1.0,0.0,0.0,0,1.0,0,0.8942813742557028,0.10571862574429719,-0.10571862574429719
127,128,292.8,0.0,1.0,1.0,1.0,1.0,1.0,0.0,0.0,0,1.0,0,0.9165272885182031,0.08347271148179695,-0.08347271148179695
128,129,412.2,0.0,1.0,1.0,1.0,1.0,1.0,0.0,0.0,0,1.0,0,0.934092091028726,0.06590790897127394,-0.06590790897127394
129,130,367.7,0.0,0.0,0.0,1.0,0.0,1.0,0.0,0.0,0,1.0,0,0.9479608079352615,0.05203919206473847,-0.05203919206473847
130,131,459.1,0.0,0.0,0.0,1.0,0.0,1.0,0.0,0.0,0,1.0,0,0.9589111905836513,0.041088809416348786,-0.041088809416348786
131,132,566.5,1.0,0.0,1.0,1.0,1.0,1.0,0.0,0.0,0,1.0,0,0.032442668540140746,0.032442668540140746,0.9675573314598592
132,133,445.9,0.0,1.0,1.0,1.0,1.0,1.0,0.0,0.0,0,1.0,0,0.3692344551889045,0.6307655448110955,-0.6307655448110955
133,134,377.4,0.0,1.0,1.0,1.0,1.0,1.0,0.0,0.0,0,1.0,0,0.5019637271673932,0.49803627283260676,-0.49803627283260676
134,135,316.9,0.0,1.0,1.0,1.0,1.0,1.0,0.0,0.0,0,1.0,0,0.6067633511413835,0.39323664885861653,-0.39323664885861653
135,136,340.3,0.0,1.0,1.0,1.0,1.0,1.0,0.0,0.0,0,1.0,0,0.6895104424301064,0.3104895575698936,-0.3104895575698936
136,137,499.7,1.0,0.0,1.0,1.0,1.0,1.0,0.0,0.0,0,1.0,0,0.2451545796653584,0.2451545796653584,0.7548454203346416
137,138,283.2,0.0,1.0,1.0,1.0,1.0,1.0,0.0,0.0,0,1.0,0,0.5960065555274038,0.4039934444725962,-0.4039934444725962
138,139,302.6,0.0,1.0,1.0,1.0,1.0,1.0,0.0,0.0,0,1.0,0,0.6810171529039435,0.31898284709605657,-0.31898284709605657
139,140,322.0,0.0,0.0,0.0,1.0,0.0,1.0,0.0,0.0,0,1.0,0,0.7481393370767724,0.25186066292322756,-0.25186066292322756
140,141,233.5,0.0,1.0,1.0,1.0,1.0,1.0,0.0,0.0,0,1.0,0,0.8011372896517361,0.19886271034826392,-0.19886271034826392
141,142,324.9,0.0,1.0,1.0,1.0,1.0,1.0,0.0,0.0,0,1.0,0,0.8429831117409864,0.1570168882590136,-0.1570168882590136
142,143,392.3,1.0,1.0,0.0,1.0,0.0,1.0,0.0,0.0,0,1.0,0,0.123976501956385,0.123976501956385,0.876023498043615
143,144,563.8,0.0,0.0,0.0,1.0,0.0,1.0,0.0,0.0,0,1.0,0,0.6916856532011224,0.30831434679887765,-0.30831434679887765
144,145,645.4,0.0,0.0,0.0,1.0,0.0,1.0,0.0,0.0,0,2.0,0,0.756562910888674,0.24343708911132603,-0.24343708911132603
145,146,312.9,0.0,1.0,1.0,1.0,1.0,1.0,0.0,0.0,0,2.0,0,0.8077883271722877,0.1922116728277123,-0.1922116728277123
146,147,452.4,1.0,1.0,0.0,1.0,0.0,1.0,0.0,0.0,0,2.0,0,0.1517653998661316,0.1517653998661316,0.8482346001338684
147,148,271.7,0.0,1.0,1.0,1.0,1.0,1.0,0.0,0.0,0,2.0,0,0.6697442531754744,0.33025574682452563,-0.33025574682452563
148,149,283.1,0.0,1.0,1.0,1.0,1.0,1.0,0.0,0.0,0,2.0,0,0.7392385449980551,0.2607614550019449,-0.2607614550019449
149,150,354.6,1.0,1.0,0.0,1.0,0.0,1.0,0.0,0.0,0,2.0,0,0.20589054715483834,0.20589054715483834,0.7941094528451617
150,151,270.1,1.0,0.0,1.0,1.0,1.0,1.0,0.0,0.0,0,2.0,0,0.37299157290750606,0.37299157290750606,0.6270084270924939
151,152,313.4,1.0,1.0,0.0,1.0,0.0,1.0,0.0,0.0,0,2.0,0,0.504930250815615,0.504930250815615,0.49506974918438496
152,153,372.9,1.0,0.0,1.0,1.0,1.0,1.0,0.0,0.0,0,2.0,0,0.6091056420182142,0.6091056420182142,0.39089435798178584
153,154,312.3,0.0,0.0,0.0,1.0,0.0,1.0,0.0,0.0,0,2.0,0,0.3086401448557988,0.6913598551442012,-0.6913598551442012
154,155,295.8,0.0,1.0,1.0,1.0,1.0,1.0,0.0,0.0,0,2.0,0,0.4541200161064155,0.5458799838935845,-0.5458799838935845
155,156,315.2,0.0,1.0,1.0,1.0,1.0,1.0,0.0,0.0,0,2.0,0,0.5689871857637618,0.4310128142362381,-0.4310128142362381
156,157,334.7,0.0,1.0,1.0,1.0,1.0,1.0,0.0,0.0,0,2.0,0,0.6596833525369619,0.3403166474630381,-0.3403166474630381
157,158,286.1,0.0,1.0,1.0,1.0,1.0,1.0,0.0,0.0,0,2.0,0,0.7312947162703072,0.2687052837296928,-0.2687052837296928
158,159,405.5,0.0,0.0,0.0,1.0,0.0,1.0,0.0,0.0,0,2.0,0,0.7878372097207009,0.21216279027929913,-0.21216279027929913
159,160,353.0,1.0,0.0,1.0,1.0,1.0,1.0,0.0,0.0,0,2.0,0,0.1675182897571127,0.1675182897571127,0.8324817102428873
160,161,364.4,1.0,1.0,0.0,1.0,0.0,1.0,0.0,0.0,0,2.0,0,0.34269382406604054,0.34269382406604054,0.6573061759339595
161,162,391.9,0.0,0.0,0.0,1.0,0.0,1.0,0.0,0.0,0,2.0,0,0.5189920734653362,0.48100792653466384,-0.48100792653466384
162,163,295.3,1.0,0.0,1.0,1.0,1.0,1.0,0.0,0.0,0,2.0,0,0.3797915039985398,0.3797915039985398,0.6202084960014602
163,164,370.7,0.0,0.0,0.0,1.0,0.0,1.0,0.0,0.0,0,2.0,0,0.489700698252614,0.510299301747386,-0.510299301747386
164,165,370.2,0.0,0.0,0.0,1.0,0.0,1.0,0.0,0.0,0,2.0,0,0.5970807784888391,0.4029192215111609,-0.4029192215111609
165,166,373.6,0.0,0.0,0.0,1.0,0.0,1.0,0.0,0.0,0,2.0,0,0.6818653317626423,0.3181346682373577,-0.3181346682373577
166,167,265.0,0.0,1.0,1.0,1.0,1.0,1.0,0.0,0.0,0,2.0,0,0.7488090373179426,0.25119096268205743,-0.25119096268205743
167,168,284.5,0.0,1.0,1.0,1.0,1.0,1.0,0.0,0.0,0,2.0,0,0.8016660677607677,0.19833393223923235,-0.19833393223923235
168,169,296.0,0.0,1.0,1.0,1.0,1.0,1.0,0.0,0.0,0,2.0,0,0.843400621354097,0.15659937864590304,-0.15659937864590304
169,170,323.3,0.0,1.0,1.0,1.0,1.0,1.0,0.0,0.0,0,2.0,0,0.8763531529103019,0.12364684708969813,-0.12364684708969813
170,171,290.8,0.0,1.0,1.0,1.0,1.0,1.0,0.0,0.0,0,2.0,0,0.9023716254341398,0.0976283745658602,-0.0976283745658602
171,172,270.2,0.0,1.0,1.0,1.0,1.0,1.0,0.0,0.0,0,2.0,0,0.9229151430488355,0.07708485695116456,-0.07708485695116456
172,173,325.7,1.0,0.0,1.0,0.0,0.0,1.0,0.0,0.0,1,2.0,0,0.9391357768926801,0.06086422310731982,-0.06086422310731982
173,174,577.1,0.0,0.0,0.0,1.0,0.0,1.0,0.0,0.0,0,2.0,1,0.9519431727452711,0.04805682725472891,-0.04805682725472891
174,175,364.5,0.0,1.0,1.0,1.0,1.0,1.0,0.0,0.0,0,2.0,0,0.9620555635497283,0.0379444364502717,-0.0379444364502717
175,176,436.0,1.0,0.0,1.0,1.0,1.0,1.0,0.0,0.0,0,2.0,0,0.029959952410029935,0.029959952410029935,0.9700400475899701
176,177,423.4,0.0,0.0,0.0,1.0,0.0,1.0,0.0,0.0,0,2.0,0,0.37018189706948745,0.6298181029305125,-0.6298181029305125
177,178,482.9,0.0,1.0,1.0,1.0,1.0,1.0,0.0,0.0,0,2.0,0,0.5027118029410507,0.4972881970589493,-0.4972881970589493
178,179,590.3,0.0,0.0,0.0,1.0,0.0,1.0,0.0,0.0,0,2.0,0,0.6073540125577744,0.39264598744222556,-0.39264598744222556
179,180,321.7,0.0,1.0,1.0,1.0,1.0,1.0,0.0,0.0,0,2.0,0,0.6899768135132218,0.31002318648677823,-0.31002318648677823
180,181,625.0,1.0,1.0,0.0,1.0,0.0,1.0,0.0,0.0,0,2.0,0,0.24478634503697322,0.24478634503697322,0.7552136549630268
181,182,428.3,0.0,1.0,1.0,1.0,1.0,1.0,0.0,0.0,0,2.0,0,0.5962973041317902,0.40370269586820984,-0.40370269586820984
182,183,463.8,0.0,0.0,0.0,1.0,0.0,1.0,0.0,0.0,0,2.0,0,0.6812467205340258,0.31875327946597426,-0.31875327946597426
183,184,455.3,1.0,1.0,0.0,1.0,0.0,1.0,0.0,0.0,0,2.0,0,0.2516794022190091,0.2516794022190091,0.7483205977809909
184,185,434.6,0.0,0.0,0.0,1.0,0.0,1.0,0.0,0.0,0,2.0,0,0.5908547232305279,0.4091452767694721,-0.4091452767694721
185,186,310.0,0.0,0.0,0.0,0.0,1.0,1.0,0.0,0.0,1,2.0,0,0.3230506015517365,0.3230506015517365,0.6769493984482635
186,187,377.5,0.0,1.0,1.0,1.0,1.0,1.0,0.0,0.0,0,2.0,1,0.5345018574221871,0.4654981425778128,-0.4654981425778128
187,188,429.0,0.0,1.0,1.0,1.0,1.0,1.0,0.0,0.0,0,2.0,0,0.6324546230416148,0.36754537695838513,-0.36754537695838513
188,189,548.3,0.0,1.0,1.0,1.0,1.0,1.0,0.0,0.0,0,2.0,0,0.7097956108366215,0.2902043891633785,-0.2902043891633785
189,190,439.8,1.0,1.0,0.0,1.0,0.0,1.0,0.0,0.0,0,2.0,0,0.22913793172053737,0.22913793172053737,0.7708620682794627
190,191,423.3,0.0,0.0,0.0,1.0,0.0,1.0,0.0,0.0,0,2.0,0,0.6086528893535478,0.3913471106464522,-0.3913471106464522
191,192,358.7,0.0,0.0,0.0,1.0,0.0,1.0,0.0,0.0,0,2.0,0,0.6910023732692313,0.3089976267307687,-0.3089976267307687
192,193,482.1,1.0,0.0,1.0,1.0,1.0,1.0,0.0,0.0,0,2.0,0,0.2439765893953535,0.2439765893953535,0.7560234106046465
193,194,357.6,0.0,1.0,1.0,1.0,1.0,1.0,0.0,0.0,0,2.0,0,0.5969366663876633,0.4030633336123367,-0.4030633336123367
194,195,421.0,1.0,1.0,0.0,1.0,0.0,1.0,0.0,0.0,0,2.0,0,0.3182484554508954,0.3182484554508954,0.6817515445491046
195,196,396.5,1.0,0.0,1.0,1.0,1.0,1.0,0.0,0.0,0,2.0,0,0.4617064913607559,0.4617064913607559,0.5382935086392441
196,197,503.9,0.0,1.0,1.0,1.0,1.0,1.0,0.0,0.0,0,2.0,0,0.4250227282356782,0.5749772717643218,-0.5749772717643218
197,198,331.3,0.0,1.0,1.0,1.0,1.0,1.0,0.0,0.0,0,2.0,0,0.5460127146311964,0.45398728536880356,-0.45398728536880356
198,199,410.8,0.0,0.0,0.0,1.0,0.0,1.0,0.0,0.0,0,2.0,0,0.6415433002349771,0.3584566997650229,-0.3584566997650229
199,200,578.2,0.0,1.0,1.0,1.0,1.0,1.0,0.0,0.0,0,2.0,0,0.7169717969038495,0.2830282030961505,-0.2830282030961505
200,201,389.6,0.0,0.0,0.0,1.0,0.0,1.0,0.0,0.0,0,2.0,0,0.7765282004762456,0.2234717995237544,-0.2234717995237544
201,202,381.1,0.0,0.0,0.0,1.0,0.0,1.0,0.0,0.0,0,2.0,0,0.823552407017828,0.176447592982172,-0.176447592982172
202,203,404.6,1.0,1.0,0.0,1.0,0.0,1.0,0.0,0.0,0,2.0,0,0.1393184873239131,0.1393184873239131,0.860681512676087
203,204,415.9,0.0,1.0,1.0,1.0,1.0,1.0,0.0,0.0,0,2.0,0,0.6795720156171537,0.32042798438284625,-0.32042798438284625
204,205,431.4,0.0,0.0,0.0,1.0,0.0,1.0,0.0,0.0,0,2.0,0,0.7469982937937889,0.2530017062062111,-0.2530017062062111
205,206,362.9,0.0,0.0,0.0,1.0,0.0,1.0,0.0,0.0,0,2.0,0,0.8002363511834372,0.19976364881656278,-0.19976364881656278
206,207,406.3,0.0,1.0,1.0,1.0,1.0,1.0,0.0,0.0,0,2.0,0,0.8422717538672182,0.15772824613278183,-0.15772824613278183
207,208,521.8,0.0,0.0,0.0,1.0,0.0,1.0,0.0,0.0,0,2.0,0,0.8754618281378693,0.12453817186213065,-0.12453817186213065
208,209,493.1,0.0,0.0,0.0,1.0,0.0,1.0,0.0,0.0,0,2.0,0,0.9016678582876978,0.09833214171230224,-0.09833214171230224
209,210,392.6,0.0,1.0,1.0,1.0,1.0,1.0,0.0,0.0,0,2.0,0,0.9223594665864171,0.07764053341358294,-0.07764053341358294
210,211,516.1,0.0,1.0,1.0,1.0,1.0,1.0,0.0,0.0,0,2.0,0,0.9386970290306255,0.061302970969374565,-0.061302970969374565
211,212,355.5,0.0,1.0,1.0,1.0,1.0,1.0,0.0,0.0,0,2.0,0,0.9515967487027269,0.048403251297273055,-0.048403251297273055
212,213,378.9,0.0,1.0,1.0,1.0,1.0,1.0,0.0,0.0,0,2.0,0,0.9617820360237124,0.03821796397628766,-0.03821796397628766
213,214,390.3,1.0,0.0,1.0,1.0,1.0,1.0,0.0,0.0,0,2.0,0,0.03017592271895813,0.03017592271895813,0.9698240772810419
214,215,289.8,0.0,1.0,1.0,1.0,1.0,1.0,0.0,0.0,0,2.0,0,0.3700994795457282,0.6299005204542718,-0.6299005204542718
215,216,525.3,0.0,0.0,0.0,1.0,0.0,1.0,0.0,0.0,0,2.0,0,0.5026467281812024,0.49735327181879757,-0.49735327181879757
216,217,524.4,0.0,0.0,0.0,1.0,0.0,1.0,0.0,0.0,0,2.0,0,0.6073026311988576,0.3926973688011424,-0.3926973688011424
217,218,439.8,0.0,0.0,0.0,1.0,0.0,1.0,0.0,0.0,0,2.0,0,0.6899362441119624,0.3100637558880376,-0.3100637558880376
218,219,427.3,0.0,1.0,1.0,1.0,1.0,1.0,0.0,0.0,0,2.0,0,0.7551816224058263,0.2448183775941737,-0.2448183775941737
219,220,622.7,0.0,0.0,0.0,1.0,0.0,1.0,0.0,0.0,0,2.0,0,0.8066976972649263,0.19330230273507362,-0.19330230273507362
220,221,418.1,0.0,0.0,0.0,1.0,0.0,1.0,0.0,0.0,0,2.0,0,0.8473734667720823,0.1526265332279177,-0.1526265332279177
221,222,477.6,0.0,0.0,0.0,1.0,0.0,1.0,0.0,0.0,0,2.0,0,0.8794900096089443,0.12050999039105571,-0.12050999039105571
222,223,513.1,1.0,1.0,0.0,1.0,0.0,1.0,0.0,0.0,0,2.0,0,0.09515159308745884,0.09515159308745884,0.9048484069125412
223,224,356.4,0.0,0.0,0.0,1.0,0.0,1.0,0.0,0.0,0,2.0,0,0.7144450608699716,0.2855549391300284,-0.2855549391300284
224,225,367.9,0.0,0.0,0.0,1.0,0.0,1.0,0.0,0.0,0,2.0,0,0.7745331546036603,0.22546684539633968,-0.22546684539633968
225,226,363.4,0.0,0.0,0.0,1.0,0.0,1.0,0.0,0.0,0,2.0,0,0.8219771700400219,0.1780228299599781,-0.1780228299599781
226,227,506.8,1.0,0.0,1.0,1.0,1.0,1.0,0.0,0.0,0,2.0,0,0.14056225398128436,0.14056225398128436,0.8594377460187157
227,228,294.2,1.0,0.0,1.0,1.0,1.0,1.0,0.0,0.0,0,2.0,0,0.3214100305890894,0.3214100305890894,0.6785899694109105
228,229,353.6,0.0,0.0,0.0,1.0,0.0,1.0,0.0,0.0,0,2.0,0,0.5357972101158712,0.4642027898841287,-0.4642027898841287
229,230,381.1,0.0,0.0,0.0,1.0,0.0,1.0,0.0,0.0,0,2.0,0,0.6334774002571322,0.3665225997428679,-0.3665225997428679
230,231,508.6,1.0,1.0,0.0,1.0,0.0,1.0,0.0,0.0,0,2.0,0,0.28939683054426135,0.28939683054426135,0.7106031694557386
231,232,355.9,0.0,1.0,1.0,1.0,1.0,1.0,0.0,0.0,0,2.0,0,0.5610740106052603,0.43892598939473976,-0.43892598939473976
232,233,391.4,0.0,0.0,0.0,1.0,0.0,1.0,0.0,0.0,0,2.0,0,0.6534353126834344,0.34656468731656564,-0.34656468731656564
233,234,378.9,0.0,0.0,0.0,1.0,0.0,1.0,0.0,0.0,0,2.0,0,0.7263614244842247,0.27363857551577536,-0.27363857551577536
234,235,398.3,0.0,1.0,1.0,1.0,1.0,1.0,0.0,0.0,0,2.0,0,0.7839420092390827,0.2160579907609172,-0.2160579907609172
235,236,489.7,0.0,0.0,0.0,1.0,0.0,1.0,0.0,0.0,0,2.0,0,0.8294061599916733,0.1705938400083266,-0.1705938400083266
236,237,373.2,0.0,1.0,1.0,1.0,1.0,1.0,0.0,0.0,0,2.0,0,0.8653034856693167,0.13469651433068336,-0.13469651433068336
237,238,356.6,0.0,0.0,0.0,1.0,0.0,1.0,0.0,0.0,0,2.0,0,0.8936470919937647,0.10635290800623533,-0.10635290800623533
238,239,552.1,1.0,1.0,0.0,1.0,0.0,1.0,0.0,0.0,0,2.0,0,0.08397352446414542,0.08397352446414542,0.9160264755358546
239,240,471.5,0.0,0.0,0.0,1.0,0.0,1.0,0.0,0.0,0,2.0,0,0.7232709767438157,0.27672902325618437,-0.27672902325618437
240,241,410.9,0.0,1.0,1.0,1.0,1.0,1.0,0.0,0.0,0,2.0,0,0.7815018710820784,0.21849812891792164,-0.21849812891792164
241,242,450.4,0.0,0.0,0.0,1.0,0.0,1.0,0.0,0.0,0,2.0,0,0.8274794895783821,0.17252051042161792,-0.17252051042161792
242,243,401.7,1.0,1.0,0.0,1.0,0.0,1.0,0.0,0.0,0,2.0,0,0.13621776380206949,0.13621776380206949,0.8637822361979305
243,244,333.2,1.0,1.0,0.0,1.0,0.0,1.0,0.0,0.0,0,2.0,0,0.3179797327327567,0.3179797327327567,0.6820202672672433
244,245,396.7,0.0,1.0,1.0,1.0,1.0,1.0,0.0,0.0,0,2.0,0,0.538505685195285,0.4614943148047151,-0.4614943148047151
245,246,376.1,1.0,0.0,1.0,0.0,0.0,1.0,0.0,0.0,1,2.0,0,0.6356159426120656,0.3643840573879345,-0.3643840573879345
246,247,355.5,0.0,1.0,1.0,1.0,1.0,1.0,0.0,0.0,0,2.0,1,0.7122917075702685,0.2877082924297315,-0.2877082924297315
247,248,647.0,0.0,0.0,0.0,1.0,0.0,1.0,0.0,0.0,0,2.0,0,0.7728329221475627,0.2271670778524373,-0.2271670778524373
248,249,394.4,0.0,1.0,1.0,1.0,1.0,1.0,0.0,0.0,0,2.0,0,0.8206347101635277,0.1793652898364723,-0.1793652898364723
249,250,357.8,0.0,1.0,1.0,1.0,1.0,1.0,0.0,0.0,0,2.0,0,0.8583777741816098,0.14162222581839023,-0.14162222581839023
250,251,493.3,0.0,0.0,0.0,1.0,0.0,1.0,0.0,0.0,0,2.0,0,0.8881787280914775,0.11182127190852251,-0.11182127190852251
251,252,524.7,1.0,1.0,0.0,1.0,0.0,1.0,0.0,0.0,0,2.0,0,0.08829120414527497,0.08829120414527497,0.911708795854725
252,253,515.9,0.0,0.0,0.0,1.0,0.0,1.0,0.0,0.0,0,2.0,0,0.7198618477681377,0.28013815223186234,-0.28013815223186234
253,254,395.3,0.0,0.0,0.0,1.0,0.0,1.0,0.0,0.0,0,2.0,0,0.7788101104071024,0.2211898895928976,-0.2211898895928976
254,255,430.8,1.0,1.0,0.0,1.0,0.0,1.0,0.0,0.0,0,2.0,0,0.17464585551212045,0.17464585551212045,0.8253541444878796
255,256,470.2,0.0,0.0,0.0,1.0,0.0,1.0,0.0,0.0,0,2.0,0,0.6516784330868822,0.3483215669131178,-0.3483215669131178
256,257,377.6,0.0,0.0,0.0,1.0,0.0,1.0,0.0,0.0,0,2.0,0,0.7249742374806217,0.27502576251937827,-0.27502576251937827
257,258,369.1,1.0,0.0,1.0,1.0,1.0,1.0,0.0,0.0,0,2.0,0,0.2171532779887621,0.2171532779887621,0.7828467220112378
258,259,572.5,0.0,0.0,0.0,1.0,0.0,1.0,0.0,0.0,0,2.0,0,0.6181156641117194,0.38188433588828063,-0.38188433588828063
259,260,407.9,0.0,0.0,0.0,1.0,0.0,1.0,0.0,0.0,0,2.0,0,0.6984739371648554,0.30152606283514455,-0.30152606283514455
260,261,543.4,0.0,1.0,1.0,1.0,1.0,1.0,0.0,0.0,0,2.0,0,0.7619227655478873,0.2380772344521127,-0.2380772344521127
261,262,478.8,0.0,1.0,1.0,1.0,1.0,1.0,0.0,0.0,0,2.0,0,0.8120203307421696,0.18797966925783033,-0.18797966925783033
262,263,406.3,0.0,0.0,0.0,1.0,0.0,1.0,0.0,0.0,0,2.0,0,0.8515760814527149,0.14842391854728512,-0.14842391854728512
263,264,489.6,1.0,0.0,1.0,1.0,1.0,1.0,0.0,0.0,0,2.0,0,0.11719171378430053,0.11719171378430053,0.8828082862156995
264,265,381.1,1.0,0.0,1.0,1.0,1.0,1.0,0.0,0.0,0,2.0,0,0.3029572523269599,0.3029572523269599,0.6970427476730401
265,266,352.6,0.0,1.0,1.0,1.0,1.0,1.0,0.0,0.0,0,2.0,0,0.5503670498680249,0.44963295013197513,-0.44963295013197513
266,267,360.0,0.0,0.0,0.0,1.0,0.0,1.0,0.0,0.0,0,2.0,0,0.644981371495929,0.35501862850407095,-0.35501862850407095
267,268,363.5,0.0,0.0,0.0,1.0,0.0,1.0,0.0,0.0,0,2.0,0,0.7196864096638889,0.2803135903361111,-0.2803135903361111
268,269,402.9,0.0,1.0,1.0,1.0,1.0,1.0,0.0,0.0,0,2.0,0,0.7786715889861535,0.22132841101384654,-0.22132841101384654
269,270,378.3,0.0,0.0,0.0,1.0,0.0,1.0,0.0,0.0,0,2.0,0,0.8252447715318512,0.1747552284681489,-0.1747552284681489
270,271,509.8,1.0,0.0,1.0,1.0,1.0,1.0,0.0,0.0,0,2.0,0,0.13798223977239119,0.13798223977239119,0.8620177602276088
271,272,493.2,1.0,1.0,0.0,1.0,0.0,1.0,0.0,0.0,0,2.0,0,0.31937291763797354,0.31937291763797354,0.6806270823620264
272,273,844.6,0.0,1.0,1.0,1.0,1.0,1.0,0.0,0.0,2,2.0,0,0.537405662178383,0.46259433782161696,-0.46259433782161696
273,274,376.1,1.0,0.0,1.0,1.0,1.0,1.0,0.0,0.0,0,2.0,0,0.3652526073077498,0.3652526073077498,0.6347473926922502
274,275,419.6,0.0,1.0,1.0,1.0,1.0,1.0,0.0,0.0,0,2.0,0,0.5011802376449375,0.49881976235506253,-0.49881976235506253
275,276,398.9,0.0,0.0,0.0,1.0,0.0,1.0,0.0,0.0,0,2.0,0,0.6061447279385512,0.3938552720614488,-0.3938552720614488
276,277,406.4,0.0,0.0,0.0,1.0,0.0,1.0,0.0,0.0,0,2.0,0,0.6890219934386216,0.3109780065613784,-0.3109780065613784
277,278,545.8,0.0,1.0,1.0,1.0,1.0,1.0,0.0,0.0,0,2.0,0,0.7544597535568838,0.24554024644311617,-0.24554024644311617
278,279,429.2,1.0,0.0,1.0,1.0,1.0,1.0,0.0,0.0,0,2.0,0,0.1938722718368402,0.1938722718368402,0.8061277281631598
279,280,324.7,0.0,1.0,1.0,1.0,1.0,1.0,0.0,0.0,0,2.0,0,0.6364977485915693,0.3635022514084307,-0.3635022514084307
280,281,328.1,0.0,0.0,0.0,1.0,0.0,1.0,0.0,0.0,0,2.0,0,0.7129879589223063,0.28701204107769374,-0.28701204107769374
281,282,459.6,0.0,1.0,1.0,1.0,1.0,1.0,0.0,0.0,0,2.0,0,0.7733826643317643,0.22661733566823572,-0.22661733566823572
282,283,395.0,0.0,1.0,1.0,1.0,1.0,1.0,0.0,0.0,0,2.0,0,0.8210687724719257,0.1789312275280743,-0.1789312275280743
283,284,422.4,1.0,1.0,0.0,1.0,0.0,1.0,0.0,0.0,0,2.0,0,0.141279501368664,0.141279501368664,0.858720498631336
284,285,721.9,0.0,1.0,1.0,1.0,1.0,1.0,0.0,0.0,2,2.0,0,0.6780236492964908,0.32197635070350916,-0.32197635070350916
285,286,289.3,0.0,1.0,1.0,1.0,1.0,1.0,0.0,0.0,0,2.0,0,0.7457757435171193,0.2542242564828808,-0.2542242564828808
286,287,252.7,0.0,1.0,1.0,1.0,1.0,1.0,0.0,0.0,0,2.0,0,0.7992710568864487,0.20072894311355133,-0.20072894311355133
287,288,272.2,0.0,1.0,1.0,1.0,1.0,1.0,0.0,0.0,0,2.0,0,0.84150958228411,0.15849041771589,-0.15849041771589
288,289,513.4,0.0,1.0,1.0,1.0,1.0,1.0,0.0,0.0,0,3.0,0,0.87486003703239,0.12513996296760996,-0.12513996296760996
289,290,348.7,1.0,0.0,1.0,1.0,1.0,1.0,0.0,0.0,0,3.0,0,0.09880730051205325,0.09880730051205325,0.9011926994879468
290,291,288.2,0.0,1.0,1.0,1.0,1.0,1.0,0.0,0.0,0,3.0,0,0.7115586081851524,0.2884413918148477,-0.2884413918148477
291,292,307.6,1.0,0.0,1.0,1.0,1.0,1.0,0.0,0.0,0,3.0,0,0.22774591429710786,0.22774591429710786,0.7722540857028921
292,293,299.0,0.0,1.0,1.0,1.0,1.0,1.0,0.0,0.0,0,3.0,0,0.6097519905568174,0.3902480094431826,-0.3902480094431826
293,294,342.5,1.0,1.0,0.0,1.0,0.0,1.0,0.0,0.0,0,3.0,0,0.3081298046513205,0.3081298046513205,0.6918701953486794
294,295,537.9,1.0,1.0,0.0,1.0,0.0,1.0,0.0,0.0,0,3.0,0,0.45371706458915856,0.45371706458915856,0.5462829354108414
295,296,317.4,0.0,1.0,1.0,1.0,1.0,1.0,0.0,0.0,0,3.0,0,0.43133097440436685,0.5686690255956331,-0.5686690255956331
296,297,376.8,1.0,0.0,1.0,1.0,1.0,1.0,0.0,0.0,0,3.0,0,0.4490064562226821,0.4490064562226821,0.5509935437773179
297,298,408.3,0.0,0.0,0.0,1.0,0.0,1.0,0.0,0.0,0,3.0,0,0.435050349777536,0.564949650222464,-0.564949650222464
298,299,479.7,1.0,1.0,0.0,1.0,0.0,1.0,0.0,0.0,0,3.0,0,0.44606973296099334,0.44606973296099334,0.5539302670390067
299,300,323.1,0.0,0.0,0.0,1.0,0.0,1.0,0.0,0.0,0,3.0,0,0.43736911103458964,0.5626308889654104,-0.5626308889654104
300,301,386.5,0.0,1.0,1.0,1.0,1.0,1.0,0.0,0.0,0,3.0,0,0.5557611013696889,0.4442388986303111,-0.4442388986303111
301,302,374.0,0.0,0.0,0.0,1.0,0.0,1.0,0.0,0.0,0,3.0,0,0.6492403760142568,0.35075962398574323,-0.35075962398574323
302,303,405.5,0.0,1.0,1.0,1.0,1.0,1.0,0.0,0.0,0,3.0,0,0.723049210238103,0.2769507897618971,-0.2769507897618971
303,304,344.8,0.0,1.0,1.0,1.0,1.0,1.0,0.0,0.0,0,3.0,0,0.7813267699452886,0.21867323005471145,-0.21867323005471145
304,305,392.3,1.0,1.0,0.0,1.0,0.0,1.0,0.0,0.0,0,3.0,0,0.17265876578171638,0.17265876578171638,0.8273412342182836
305,306,331.8,0.0,0.0,0.0,1.0,0.0,1.0,0.0,0.0,0,3.0,0,0.6532473880991774,0.3467526119008227,-0.3467526119008227
306,307,471.1,1.0,0.0,1.0,1.0,1.0,1.0,0.0,0.0,0,3.0,0,0.27378695594062086,0.27378695594062086,0.7262130440593791
307,308,594.6,0.0,0.0,0.0,1.0,0.0,1.0,0.0,0.0,0,3.0,0,0.5733991666492698,0.4266008333507302,-0.4266008333507302
308,309,402.1,0.0,1.0,1.0,1.0,1.0,1.0,0.0,0.0,0,3.0,0,0.6631669393214701,0.33683306067852986,-0.33683306067852986
309,310,473.4,0.0,1.0,1.0,1.0,1.0,1.0,0.0,0.0,0,3.0,0,0.7340452669186706,0.2659547330813295,-0.2659547330813295
310,311,304.9,0.0,0.0,0.0,1.0,0.0,1.0,0.0,0.0,0,3.0,0,0.7900089738641568,0.2099910261358432,-0.2099910261358432
311,312,272.3,0.0,1.0,1.0,1.0,1.0,1.0,0.0,0.0,0,3.0,0,0.8341964794283256,0.16580352057167436,-0.16580352057167436
312,313,495.8,1.0,0.0,1.0,1.0,1.0,1.0,0.0,0.0,0,3.0,0,0.13091420114389954,0.13091420114389954,0.8690857988561005
313,314,367.2,0.0,0.0,0.0,1.0,0.0,1.0,0.0,0.0,0,3.0,0,0.6862078241189737,0.31379217588102626,-0.31379217588102626
314,315,430.6,0.0,0.0,0.0,1.0,0.0,1.0,0.0,0.0,0,3.0,0,0.7522377577446411,0.24776224225535898,-0.24776224225535898
315,316,386.1,0.0,0.0,0.0,1.0,0.0,1.0,0.0,0.0,0,3.0,0,0.8043732973422587,0.1956267026577413,-0.1956267026577413
316,317,381.5,0.0,0.0,0.0,1.0,0.0,1.0,0.0,0.0,0,3.0,0,0.8455381802958616,0.15446181970413841,-0.15446181970413841
317,318,344.9,1.0,1.0,0.0,0.0,1.0,1.0,0.0,0.0,1,3.0,0,0.8780409145470528,0.1219590854529472,-0.1219590854529472
318,319,396.4,0.0,0.0,0.0,1.0,0.0,1.0,0.0,0.0,0,3.0,1,0.9037042386719936,0.09629576132800646,-0.09629576132800646
319,320,383.9,0.0,0.0,0.0,1.0,0.0,1.0,0.0,0.0,0,3.0,0,0.9239673402329839,0.07603265976701616,-0.07603265976701616
320,321,487.3,1.0,0.0,1.0,1.0,1.0,1.0,0.0,0.0,0,3.0,0,0.060033435236629816,0.060033435236629816,0.9399665647633701
321,322,602.7,0.0,0.0,0.0,1.0,0.0,1.0,0.0,0.0,0,3.0,0,0.7421734562914624,0.2578265437085377,-0.2578265437085377
322,323,566.1,1.0,0.0,1.0,1.0,1.0,1.0,0.0,0.0,0,3.0,0,0.203573216581399,0.203573216581399,0.796426783418601
323,324,397.6,0.0,1.0,1.0,1.0,1.0,1.0,0.0,0.0,0,3.0,0,0.6288381317921418,0.37116186820785824,-0.37116186820785824
324,325,452.9,0.0,0.0,0.0,1.0,0.0,1.0,0.0,0.0,0,3.0,0,0.706940122236402,0.293059877763598,-0.293059877763598
325,326,344.2,0.0,1.0,1.0,1.0,1.0,1.0,0.0,0.0,0,3.0,0,0.7686074478245752,0.23139255217542481,-0.23139255217542481
326,327,555.7,1.0,1.0,0.0,1.0,0.0,1.0,0.0,0.0,0,3.0,0,0.18270161582967603,0.18270161582967603,0.817298384170324
327,328,419.1,0.0,0.0,0.0,1.0,0.0,1.0,0.0,0.0,0,3.0,0,0.6453178116540965,0.3546821883459035,-0.3546821883459035
328,329,294.6,0.0,1.0,1.0,1.0,1.0,1.0,0.0,0.0,0,3.0,0,0.7199520541712393,0.2800479458287607,-0.2800479458287607
329,330,290.0,1.0,0.0,1.0,0.0,0.0,1.0,0.0,0.0,1,3.0,0,0.7788813350660204,0.22111866493397964,-0.22111866493397964
330,331,481.4,0.0,0.0,0.0,1.0,0.0,1.0,0.0,0.0,0,3.0,1,0.8254103816491403,0.17458961835085968,-0.17458961835085968
331,332,308.9,0.0,1.0,1.0,1.0,1.0,1.0,0.0,0.0,0,3.0,0,0.8621485217224885,0.13785147827751149,-0.13785147827751149
332,333,296.3,0.0,1.0,1.0,1.0,1.0,1.0,0.0,0.0,0,3.0,0,0.8911560134972845,0.10884398650271551,-0.10884398650271551
333,334,379.7,1.0,1.0,0.0,1.0,0.0,1.0,0.0,0.0,0,3.0,0,0.0859404160610731,0.0859404160610731,0.914059583938927
334,335,479.2,0.0,1.0,1.0,1.0,1.0,1.0,0.0,0.0,0,3.0,0,0.7217179696589201,0.2782820303410799,-0.2782820303410799
335,336,274.6,0.0,1.0,1.0,1.0,1.0,1.0,0.0,0.0,0,3.0,0,0.7802756565771697,0.21972434342283034,-0.21972434342283034
336,337,390.1,0.0,0.0,0.0,1.0,0.0,1.0,0.0,0.0,0,3.0,0,0.8265113021008925,0.17348869789910754,-0.17348869789910754
337,338,481.4,1.0,0.0,1.0,1.0,1.0,1.0,0.0,0.0,0,3.0,0,0.1369822197661893,0.1369822197661893,0.8630177802338107
338,339,428.9,0.0,0.0,0.0,1.0,0.0,1.0,0.0,0.0,0,3.0,0,0.681416672473192,0.31858332752680796,-0.31858332752680796
339,340,360.4,0.0,1.0,1.0,1.0,1.0,1.0,0.0,0.0,0,3.0,0,0.7484547874669041,0.2515452125330959,-0.2515452125330959
340,341,367.8,0.0,0.0,0.0,1.0,0.0,1.0,0.0,0.0,0,3.0,0,0.8013863611773722,0.19861363882262786,-0.19861363882262786
341,342,395.2,0.0,1.0,1.0,1.0,1.0,1.0,0.0,0.0,0,3.0,0,0.8431797722201724,0.15682022777982768,-0.15682022777982768
342,343,274.7,0.0,1.0,1.0,1.0,1.0,1.0,0.0,0.0,0,3.0,0,0.876178776106713,0.12382122389328698,-0.12382122389328698
343,344,310.1,0.0,0.0,0.0,1.0,0.0,1.0,0.0,0.0,0,3.0,0,0.9022339419889321,0.09776605801106783,-0.09776605801106783
344,345,393.6,0.0,0.0,0.0,1.0,0.0,1.0,0.0,0.0,0,3.0,0,0.9228064317369288,0.07719356826307126,-0.07719356826307126
345,346,421.0,0.0,0.0,0.0,1.0,0.0,1.0,0.0,0.0,0,3.0,0,0.9390499412330724,0.06095005876692766,-0.06095005876692766
346,347,352.4,0.0,0.0,0.0,1.0,0.0,1.0,0.0,0.0,0,3.0,0,0.9518753991131523,0.04812460088684767,-0.04812460088684767
347,348,443.9,1.0,0.0,1.0,1.0,1.0,1.0,0.0,0.0,0,3.0,0,0.03799794876941219,0.03799794876941219,0.9620020512305878
348,349,351.3,0.0,1.0,1.0,1.0,1.0,1.0,0.0,0.0,0,3.0,0,0.7595721104197138,0.24042788958028616,-0.24042788958028616
349,350,390.7,0.0,1.0,1.0,1.0,1.0,1.0,0.0,0.0,0,3.0,0,0.8101643138300523,0.18983568616994778,-0.18983568616994778
350,351,290.2,0.0,1.0,1.0,1.0,1.0,1.0,0.0,0.0,0,3.0,0,0.8501106181711051,0.14988938182889494,-0.14988938182889494
351,352,313.7,0.0,1.0,1.0,1.0,1.0,1.0,0.0,0.0,0,3.0,0,0.8816511940492835,0.11834880595071647,-0.11834880595071647
352,353,373.0,0.0,1.0,1.0,1.0,1.0,1.0,0.0,0.0,0,3.0,0,0.9065548226361405,0.09344517736385946,-0.09344517736385946
353,354,332.5,0.0,0.0,0.0,1.0,0.0,1.0,0.0,0.0,0,3.0,0,0.926218088113205,0.07378191188679492,-0.07378191188679492
354,355,295.9,1.0,1.0,0.0,0.0,1.0,1.0,0.0,0.0,1,3.0,0,0.941743697478644,0.05825630252135605,-0.05825630252135605
355,356,355.4,0.0,0.0,0.0,1.0,0.0,1.0,0.0,0.0,0,3.0,1,0.9540023198549406,0.04599768014505949,-0.04599768014505949
356,357,470.8,1.0,0.0,1.0,1.0,1.0,1.0,0.0,0.0,0,3.0,0,0.03631858678211818,0.03631858678211818,0.9636814132178818
357,358,394.2,0.0,0.0,0.0,1.0,0.0,1.0,0.0,0.0,0,3.0,0,0.7608980915101032,0.2391019084898968,-0.2391019084898968
358,359,397.7,0.0,1.0,1.0,1.0,1.0,1.0,0.0,0.0,0,3.0,0,0.8112112744409109,0.1887887255590891,-0.1887887255590891
359,360,349.2,1.0,0.0,1.0,0.0,0.0,1.0,0.0,0.0,1,3.0,0,0.8509372713780281,0.14906272862197195,-0.14906272862197195
360,361,620.3,1.0,1.0,0.0,1.0,0.0,1.0,0.0,0.0,0,3.0,1,0.11769610181129753,0.11769610181129753,0.8823038981887025
361,362,407.7,0.0,0.0,0.0,1.0,0.0,1.0,0.0,0.0,0,3.0,0,0.6966444958422395,0.3033555041577605,-0.3033555041577605
362,363,363.2,0.0,0.0,0.0,1.0,0.0,1.0,0.0,0.0,0,3.0,0,0.7604782856691481,0.23952171433085193,-0.23952171433085193
363,364,350.5,0.0,0.0,0.0,1.0,0.0,1.0,0.0,0.0,0,3.0,0,0.8108798065316971,0.18912019346830292,-0.18912019346830292
364,365,370.0,1.0,1.0,0.0,1.0,0.0,1.0,0.0,0.0,0,3.0,0,0.14932444716926183,0.14932444716926183,0.8506755528307381
365,366,721.5,0.0,1.0,1.0,1.0,1.0,1.0,0.0,0.0,2,3.0,0,0.6716715667285218,0.3283284332714782,-0.3283284332714782
366,367,332.9,0.0,1.0,1.0,1.0,1.0,1.0,0.0,0.0,0,3.0,0,0.7407603022760735,0.2592396977239265,-0.2592396977239265
367,368,312.3,0.0,1.0,1.0,1.0,1.0,1.0,0.0,0.0,0,3.0,0,0.7953109933052183,0.20468900669478174,-0.20468900669478174
368,369,303.8,0.0,1.0,1.0,1.0,1.0,1.0,0.0,0.0,0,3.0,0,0.8383828177954651,0.16161718220453497,-0.16161718220453497
369,370,283.2,0.0,1.0,1.0,1.0,1.0,1.0,0.0,0.0,0,3.0,0,0.8723912241037821,0.12760877589621794,-0.12760877589621794
370,371,454.7,1.0,1.0,0.0,1.0,0.0,1.0,0.0,0.0,0,3.0,0,0.10075661178848497,0.10075661178848497,0.8992433882115151
371,372,386.2,0.0,1.0,1.0,1.0,1.0,1.0,0.0,0.0,0,3.0,0,0.7100194820697661,0.28998051793023394,-0.28998051793023394
372,373,525.5,0.0,0.0,0.0,1.0,0.0,1.0,0.0,0.0,0,3.0,0,0.7710388312549723,0.22896116874502775,-0.22896116874502775
373,374,301.0,0.0,1.0,1.0,1.0,1.0,1.0,0.0,0.0,0,3.0,0,0.8192181420763531,0.18078185792364684,-0.18078185792364684
374,375,364.5,1.0,1.0,0.0,0.0,1.0,1.0,0.0,0.0,1,3.0,0,0.8572592884048362,0.14274071159516377,-0.14274071159516377
375,376,491.8,0.0,0.0,0.0,1.0,0.0,1.0,0.0,0.0,0,3.0,1,0.8872956004506876,0.1127043995493124,-0.1127043995493124
376,377,387.3,0.0,0.0,0.0,1.0,0.0,1.0,0.0,0.0,0,3.0,0,0.9110115009528829,0.0889884990471171,-0.0889884990471171
377,378,386.7,0.0,0.0,0.0,1.0,0.0,1.0,0.0,0.0,0,3.0,0,0.9297369668413528,0.07026303315864721,-0.07026303315864721
378,379,390.2,0.0,1.0,1.0,1.0,1.0,1.0,0.0,0.0,0,3.0,0,0.9445221137392238,0.055477886260776245,-0.055477886260776245
379,380,529.6,0.0,0.0,0.0,1.0,0.0,1.0,0.0,0.0,0,3.0,0,0.9561960859700682,0.04380391402993174,-0.04380391402993174
380,381,341.0,1.0,0.0,1.0,1.0,1.0,1.0,0.0,0.0,0,3.0,0,0.0345864454049732,0.0345864454049732,0.9654135545950268
381,382,1008.5,0.0,1.0,1.0,1.0,1.0,1.0,0.0,0.0,2,3.0,0,0.36841635763851055,0.6315836423614895,-0.6315836423614895
382,383,396.0,0.0,0.0,0.0,1.0,0.0,1.0,0.0,0.0,0,3.0,0,0.5013177783546157,0.4986822216453843,-0.4986822216453843
383,384,531.3,1.0,0.0,1.0,1.0,1.0,1.0,0.0,0.0,0,3.0,0,0.3937466734498499,0.3937466734498499,0.6062533265501501
384,385,498.8,0.0,0.0,0.0,1.0,0.0,1.0,0.0,0.0,0,3.0,0,0.4786820548954227,0.5213179451045773,-0.5213179451045773
385,386,478.3,0.0,1.0,1.0,1.0,1.0,1.0,0.0,0.0,0,3.0,0,0.5883807407102525,0.4116192592897475,-0.4116192592897475
386,387,449.7,0.0,1.0,1.0,1.0,1.0,1.0,0.0,0.0,0,3.0,0,0.6749960053950332,0.32500399460496676,-0.32500399460496676
387,388,409.1,0.0,0.0,0.0,1.0,0.0,1.0,0.0,0.0,0,3.0,0,0.7433851936582205,0.25661480634177947,-0.25661480634177947
388,389,344.6,0.0,1.0,1.0,1.0,1.0,1.0,0.0,0.0,0,3.0,0,0.7973835401196554,0.2026164598803446,-0.2026164598803446
389,390,360.0,0.0,0.0,0.0,1.0,0.0,1.0,0.0,0.0,0,3.0,0,0.8400192475263288,0.1599807524736712,-0.1599807524736712
390,391,379.5,0.0,1.0,1.0,1.0,1.0,1.0,0.0,0.0,0,3.0,0,0.8736833069872185,0.12631669301278153,-0.12631669301278153
391,392,390.8,0.0,0.0,0.0,1.0,0.0,1.0,0.0,0.0,0,3.0,0,0.9002635836688465,0.09973641633115353,-0.09973641633115353
392,393,470.3,1.0,1.0,0.0,1.0,0.0,1.0,0.0,0.0,0,3.0,0,0.07874931258352885,0.07874931258352885,0.9212506874164712
393,394,441.8,0.0,1.0,1.0,1.0,1.0,1.0,0.0,0.0,0,3.0,0,0.7273958802597319,0.2726041197402681,-0.2726041197402681
394,395,421.1,0.0,1.0,1.0,1.0,1.0,1.0,0.0,0.0,0,3.0,0,0.7847587889492017,0.2152412110507983,-0.2152412110507983
395,396,400.6,1.0,1.0,0.0,1.0,0.0,1.0,0.0,0.0,0,3.0,0,0.16994893172838127,0.16994893172838127,0.8300510682716187
396,397,443.9,0.0,0.0,0.0,1.0,0.0,1.0,0.0,0.0,0,3.0,0,0.6553870034650136,0.34461299653498645,-0.34461299653498645
397,398,679.3,0.0,1.0,1.0,1.0,1.0,1.0,0.0,0.0,0,3.0,0,0.7279024293957572,0.2720975706042427,-0.2720975706042427
398,399,438.6,1.0,0.0,1.0,1.0,1.0,1.0,0.0,0.0,0,3.0,0,0.2148412528638174,0.2148412528638174,0.7851587471361826
399,400,370.1,0.0,1.0,1.0,1.0,1.0,1.0,0.0,0.0,0,3.0,0,0.6199411797655073,0.38005882023449267,-0.38005882023449267
400,401,365.6,0.0,0.0,0.0,1.0,0.0,1.0,0.0,0.0,0,3.0,0,0.6999153174363197,0.30008468256368026,-0.30008468256368026
401,402,356.9,0.0,1.0,1.0,1.0,1.0,1.0,0.0,0.0,0,3.0,0,0.7630608423880697,0.23693915761193032,-0.23693915761193032
402,403,376.4,0.0,0.0,0.0,1.0,0.0,1.0,0.0,0.0,0,3.0,0,0.8129189269834265,0.18708107301657353,-0.18708107301657353
403,404,307.9,0.0,1.0,1.0,1.0,1.0,1.0,0.0,0.0,0,3.0,0,0.8522855899641713,0.1477144100358287,-0.1477144100358287
404,405,303.3,0.0,0.0,0.0,1.0,0.0,1.0,0.0,0.0,0,3.0,0,0.883368495912465,0.116631504087535,-0.116631504087535
405,406,346.7,0.0,1.0,1.0,1.0,1.0,1.0,0.0,0.0,0,3.0,0,0.9079107600780367,0.09208923992196331,-0.09208923992196331
406,407,454.1,0.0,0.0,0.0,1.0,0.0,1.0,0.0,0.0,0,3.0,0,0.9272887014897782,0.07271129851022189,-0.07271129851022189
407,408,609.6,1.0,1.0,0.0,1.0,0.0,1.0,0.0,0.0,0,3.0,0,0.057410973698151464,0.057410973698151464,0.9425890263018485
408,409,293.1,0.0,1.0,1.0,1.0,1.0,1.0,0.0,0.0,0,3.0,0,0.7442440845637497,0.2557559154362503,-0.2557559154362503
409,410,340.4,0.0,0.0,0.0,1.0,0.0,1.0,0.0,0.0,0,3.0,0,0.7980616983178614,0.20193830168213853,-0.20193830168213853
410,411,347.9,0.0,0.0,0.0,1.0,0.0,1.0,0.0,0.0,0,3.0,0,0.8405547038209915,0.15944529617900854,-0.15944529617900854
411,412,359.4,0.0,0.0,0.0,1.0,0.0,1.0,0.0,0.0,0,3.0,0,0.8741060895241727,0.12589391047582732,-0.12589391047582732
412,413,482.7,1.0,1.0,0.0,1.0,0.0,1.0,0.0,0.0,0,3.0,0,0.0994025980992359,0.0994025980992359,0.9005974019007641
413,414,470.2,1.0,0.0,1.0,1.0,1.0,1.0,0.0,0.0,0,3.0,0,0.28891142349933907,0.28891142349933907,0.7110885765006609
414,415,585.7,0.0,1.0,1.0,1.0,1.0,1.0,0.0,0.0,0,3.0,0,0.5614572755401454,0.43854272445985465,-0.43854272445985465
415,416,353.1,0.0,1.0,1.0,1.0,1.0,1.0,0.0,0.0,0,3.0,0,0.6537379288317764,0.34626207116822355,-0.34626207116822355
416,417,316.5,0.0,1.0,1.0,1.0,1.0,1.0,0.0,0.0,0,3.0,0,0.726600362422194,0.27339963757780605,-0.27339963757780605
417,418,352.0,0.0,0.0,0.0,1.0,0.0,1.0,0.0,0.0,0,3.0,0,0.7841306684977305,0.21586933150226953,-0.21586933150226953
418,419,339.4,1.0,1.0,0.0,1.0,0.0,1.0,0.0,0.0,0,3.0,0,0.1704448795034525,0.1704448795034525,0.8295551204965474
419,420,422.9,1.0,0.0,1.0,1.0,1.0,1.0,0.0,0.0,0,3.0,0,0.3450045841596562,0.3450045841596562,0.6549954158403438
420,421,370.3,0.0,0.0,0.0,1.0,0.0,1.0,0.0,0.0,0,3.0,0,0.5171675566477929,0.4828324433522071,-0.4828324433522071
421,422,437.7,0.0,1.0,1.0,1.0,1.0,1.0,0.0,0.0,0,3.0,0,0.6187679043854394,0.3812320956145606,-0.3812320956145606
422,423,365.2,0.0,1.0,1.0,1.0,1.0,1.0,0.0,0.0,0,3.0,0,0.6989889293320515,0.3010110706679486,-0.3010110706679486
423,424,316.6,0.0,0.0,0.0,1.0,0.0,1.0,0.0,0.0,0,3.0,0,0.7623293901354193,0.2376706098645806,-0.2376706098645806
424,425,348.0,0.0,1.0,1.0,1.0,1.0,1.0,0.0,0.0,0,3.0,0,0.812341391072244,0.187658608927756,-0.187658608927756
425,426,323.5,0.0,0.0,0.0,1.0,0.0,1.0,0.0,0.0,0,3.0,0,0.8518295824428371,0.14817041755716287,-0.14817041755716287
426,427,367.0,1.0,1.0,0.0,1.0,0.0,1.0,0.0,0.0,0,3.0,0,0.11699155591372809,0.11699155591372809,0.8830084440862719
427,428,294.3,1.0,0.0,1.0,1.0,1.0,1.0,0.0,0.0,0,3.0,0,0.30279921281345434,0.30279921281345434,0.6972007871865457
428,429,385.8,0.0,1.0,1.0,1.0,1.0,1.0,0.0,0.0,0,3.0,0,0.5504918338086096,0.44950816619139045,-0.44950816619139045
429,430,317.2,0.0,0.0,0.0,1.0,0.0,1.0,0.0,0.0,0,3.0,0,0.645079897690312,0.35492010230968796,-0.35492010230968796
430,431,392.7,0.0,0.0,0.0,1.0,0.0,1.0,0.0,0.0,0,3.0,0,0.719764203416307,0.280235796583693,-0.280235796583693
431,432,324.2,0.0,0.0,0.0,1.0,0.0,1.0,0.0,0.0,0,3.0,0,0.7787330129349133,0.22126698706508668,-0.22126698706508668
432,433,462.7,1.0,0.0,1.0,1.0,1.0,0.0,1.0,0.0,0,1.0,0,0.1747067296958956,0.1747067296958956,0.8252932703041044
433,434,342.2,0.0,0.0,0.0,1.0,0.0,0.0,1.0,0.0,0,1.0,0,0.65163036839494,0.34836963160505996,-0.34836963160505996
434,435,345.5,0.0,0.0,0.0,1.0,0.0,0.0,1.0,0.0,0,1.0,0,0.7249362868344162,0.27506371316558376,-0.27506371316558376
435,436,373.0,1.0,1.0,0.0,0.0,1.0,0.0,1.0,0.0,1,1.0,0,0.7828167571557647,0.21718324284423535,-0.21718324284423535
436,437,456.5,0.0,0.0,0.0,1.0,0.0,0.0,1.0,0.0,0,1.0,1,0.82851768984903,0.17148231015097007,-0.17148231015097007
437,438,416.0,1.0,1.0,0.0,1.0,0.0,0.0,1.0,0.0,0,1.0,0,0.13539802753476574,0.13539802753476574,0.8646019724652343
438,439,395.3,0.0,0.0,0.0,1.0,0.0,0.0,1.0,0.0,0,1.0,0,0.682667509968802,0.317332490031198,-0.317332490031198
439,440,682.8,1.0,0.0,1.0,1.0,1.0,0.0,1.0,0.0,0,1.0,0,0.2505575833745955,0.2505575833745955,0.7494424166254046
440,441,374.2,1.0,0.0,1.0,1.0,1.0,0.0,1.0,0.0,0,1.0,0,0.4082595174240842,0.4082595174240842,0.5917404825759158
441,442,369.7,1.0,1.0,0.0,1.0,0.0,0.0,1.0,0.0,0,1.0,0,0.5327769139410782,0.5327769139410782,0.4672230860589218
442,443,373.0,1.0,1.0,0.0,1.0,0.0,0.0,1.0,0.0,0,1.0,0,0.6310926519744797,0.6310926519744797,0.3689073480255203
443,444,408.5,1.0,0.0,1.0,1.0,1.0,0.0,1.0,0.0,0,1.0,0,0.7087202334645347,0.7087202334645347,0.2912797665354653
444,445,352.0,1.0,0.0,1.0,1.0,1.0,0.0,1.0,0.0,0,1.0,0,0.7700129779277647,0.7700129779277647,0.22998702207223531
445,446,343.4,1.0,1.0,0.0,1.0,0.0,0.0,1.0,0.0,0,1.0,0,0.818408154638456,0.818408154638456,0.18159184536154405
446,447,402.9,1.0,0.0,1.0,0.0,0.0,0.0,1.0,0.0,1,1.0,0,0.14338025687142386,0.8566197431285761,-0.8566197431285761
447,448,462.3,0.0,0.0,0.0,1.0,0.0,0.0,1.0,0.0,0,1.0,1,0.3236350532901263,0.6763649467098737,-0.6763649467098737
448,449,473.7,1.0,0.0,1.0,1.0,1.0,0.0,1.0,0.0,0,1.0,0,0.5340403893413246,0.5340403893413246,0.4659596106586754
449,450,417.2,1.0,1.0,0.0,1.0,0.0,0.0,1.0,0.0,0,1.0,0,0.6320902596978738,0.6320902596978738,0.3679097403021262
450,451,452.6,1.0,1.0,0.0,1.0,0.0,0.0,1.0,0.0,0,1.0,0,0.7095079188991553,0.7095079188991553,0.2904920811008447
451,452,464.0,1.0,0.0,1.0,1.0,1.0,0.0,1.0,0.0,0,1.0,0,0.7706349141150693,0.7706349141150693,0.22936508588493065
452,453,439.5,1.0,1.0,0.0,1.0,0.0,0.0,1.0,0.0,0,1.0,0,0.8188992194773854,0.8188992194773854,0.18110078052261458
453,454,410.9,0.0,0.0,0.0,0.0,1.0,0.0,1.0,0.0,1,1.0,0,0.8570074753122876,0.8570074753122876,0.1429925246877124
454,455,366.3,1.0,0.0,1.0,1.0,1.0,0.0,1.0,0.0,0,1.0,1,0.8870967753006853,0.8870967753006853,0.11290322469931469
455,456,457.8,1.0,1.0,0.0,1.0,0.0,0.0,1.0,0.0,0,1.0,0,0.9108545137213083,0.9108545137213083,0.08914548627869168
456,457,397.2,1.0,1.0,0.0,1.0,0.0,0.0,1.0,0.0,0,1.0,0,0.9296130137555527,0.9296130137555527,0.07038698624444728
457,458,404.6,1.0,0.0,1.0,1.0,1.0,0.0,1.0,0.0,0,1.0,0,0.944424243566438,0.944424243566438,0.05557575643356205
458,459,448.1,1.0,0.0,1.0,1.0,1.0,0.0,1.0,0.0,0,1.0,0,0.9561188101954533,0.9561188101954533,0.043881189804546694
459,460,395.5,0.0,0.0,0.0,1.0,0.0,0.0,1.0,0.0,0,1.0,0,0.03464746037176414,0.9653525396282359,-0.9653525396282359
460,461,447.0,1.0,0.0,1.0,1.0,1.0,0.0,1.0,0.0,0,1.0,0,0.7622175700004734,0.7622175700004734,0.2377824299995266
461,462,410.4,1.0,1.0,0.0,1.0,0.0,0.0,1.0,0.0,0,1.0,0,0.8122531007658151,0.8122531007658151,0.18774689923418486
462,463,565.8,0.0,1.0,1.0,1.0,1.0,0.0,1.0,0.0,0,1.0,0,0.14824012931536334,0.8517598706846367,-0.8517598706846367
463,464,405.3,1.0,0.0,1.0,1.0,1.0,0.0,1.0,0.0,0,1.0,0,0.6725277162550201,0.6725277162550201,0.32747228374497994
464,465,352.8,1.0,0.0,1.0,1.0,1.0,0.0,1.0,0.0,0,1.0,0,0.7414362959518096,0.7414362959518096,0.2585637040481904
465,466,388.1,1.0,1.0,0.0,1.0,0.0,0.0,1.0,0.0,0,1.0,0,0.7958447405485349,0.7958447405485349,0.20415525945146507
466,467,407.6,1.0,0.0,1.0,1.0,1.0,0.0,1.0,0.0,0,1.0,0,0.8388042509093738,0.8388042509093738,0.16119574909062617
467,468,395.1,0.0,1.0,1.0,1.0,1.0,0.0,1.0,0.0,0,1.0,0,0.1272760231340767,0.8727239768659233,-0.8727239768659233
468,469,614.2,1.0,0.0,1.0,1.0,1.0,0.0,1.0,0.0,0,1.0,0,0.6890804360281362,0.6890804360281362,0.3109195639718638
469,470,525.6,0.0,1.0,1.0,1.0,1.0,0.0,1.0,0.0,0,1.0,0,0.24549410167554608,0.7545058983244539,-0.7545058983244539
470,471,437.1,0.0,1.0,1.0,1.0,1.0,0.0,1.0,0.0,0,1.0,0,0.40426152233114365,0.5957384776688563,-0.5957384776688563
471,472,456.5,1.0,0.0,1.0,1.0,1.0,0.0,1.0,0.0,0,1.0,0,0.470379800294934,0.470379800294934,0.529620199705066
472,473,423.9,1.0,1.0,0.0,1.0,0.0,0.0,1.0,0.0,0,1.0,0,0.581825493722922,0.581825493722922,0.418174506277078
473,474,415.4,0.0,1.0,1.0,1.0,1.0,0.0,1.0,0.0,0,1.0,0,0.33017984925321797,0.669820150746782,-0.669820150746782
474,475,450.8,1.0,0.0,1.0,1.0,1.0,0.0,1.0,0.0,0,1.0,0,0.5288727865533756,0.5288727865533756,0.47112721344662445
475,476,390.2,0.0,0.0,0.0,1.0,0.0,0.0,1.0,0.0,0,1.0,0,0.371989946732489,0.628010053267511,-0.628010053267511
476,477,425.7,1.0,1.0,0.0,1.0,0.0,0.0,1.0,0.0,0,1.0,0,0.49586060748519223,0.49586060748519223,0.5041393925148078
477,478,461.1,1.0,0.0,1.0,1.0,1.0,0.0,1.0,0.0,0,1.0,0,0.6019444846002743,0.6019444846002743,0.3980555153997257
478,479,592.6,1.0,1.0,0.0,1.0,0.0,0.0,1.0,0.0,0,1.0,0,0.685705589182882,0.685705589182882,0.31429441081711795
479,480,688.0,0.0,1.0,1.0,1.0,1.0,0.0,1.0,0.0,0,1.0,0,0.24815879406088337,0.7518412059391166,-0.7518412059391166
480,481,395.4,1.0,0.0,1.0,1.0,1.0,0.0,1.0,0.0,0,1.0,0,0.5936345050045976,0.5936345050045976,0.4063654949954024
481,482,322.9,0.0,1.0,1.0,1.0,1.0,0.0,1.0,0.0,0,1.0,0,0.3208557572622307,0.6791442427377693,-0.6791442427377693
482,483,358.4,0.0,0.0,0.0,1.0,0.0,0.0,1.0,0.0,0,1.0,0,0.463765149901872,0.536234850098128,-0.536234850098128
483,484,301.7,1.0,0.0,1.0,1.0,1.0,0.0,1.0,0.0,0,1.0,0,0.4233972643287054,0.4233972643287054,0.5766027356712946
484,485,553.2,0.0,1.0,1.0,1.0,1.0,0.0,1.0,0.0,0,1.0,0,0.45527070991935525,0.5447292900806447,-0.5447292900806447
485,486,404.7,0.0,1.0,1.0,1.0,1.0,0.0,1.0,0.0,0,1.0,0,0.5698957440426382,0.4301042559573618,-0.4301042559573618
486,487,348.1,1.0,1.0,0.0,1.0,0.0,0.0,1.0,0.0,0,1.0,0,0.3395992731825544,0.3395992731825544,0.6604007268174457
487,488,719.5,1.0,1.0,0.0,1.0,0.0,0.0,1.0,0.0,2,1.0,0,0.47856454864127584,0.47856454864127584,0.5214354513587242
488,489,387.0,1.0,0.0,1.0,1.0,1.0,0.0,1.0,0.0,0,1.0,0,0.5882879607901518,0.5882879607901518,0.4117120392098482
489,490,266.4,1.0,1.0,0.0,1.0,0.0,0.0,1.0,0.0,0,1.0,0,0.6749227487531941,0.6749227487531941,0.32507725124680587
490,491,297.8,1.0,0.0,1.0,1.0,1.0,0.0,1.0,0.0,0,1.0,0,0.7433273520954372,0.7433273520954372,0.2566726479045628
491,492,397.2,1.0,0.0,1.0,1.0,1.0,0.0,1.0,0.0,0,1.0,0,0.7973378699073548,0.7973378699073548,0.20266213009264522
492,493,336.7,1.0,1.0,0.0,1.0,0.0,0.0,1.0,0.0,0,1.0,0,0.8399831874997455,0.8399831874997455,0.16001681250025446
493,494,276.2,1.0,1.0,0.0,1.0,0.0,0.0,1.0,0.0,0,1.0,0,0.8736548349164379,0.8736548349164379,0.12634516508356208
494,495,527.6,1.0,0.0,1.0,1.0,1.0,0.0,1.0,0.0,0,1.0,0,0.9002411028530695,0.9002411028530695,0.09975889714693054
495,496,279.0,1.0,0.0,1.0,1.0,1.0,0.0,1.0,0.0,0,1.0,0,0.9212329371417582,0.9212329371417582,0.07876706285824175
496,497,378.5,1.0,1.0,0.0,1.0,0.0,0.0,1.0,0.0,0,1.0,0,0.9378075503162767,0.9378075503162767,0.06219244968372328
497,498,565.9,0.0,0.0,0.0,1.0,0.0,0.0,1.0,0.0,0,1.0,0,0.04910556084366857,0.9508944391563314,-0.9508944391563314
498,499,357.3,1.0,1.0,0.0,0.0,1.0,0.0,1.0,0.0,1,1.0,0,0.24919817477268658,0.7508018252273134,-0.7508018252273134
499,500,388.8,1.0,0.0,1.0,1.0,1.0,0.0,1.0,0.0,0,1.0,1,0.5928138366912774,0.5928138366912774,0.4071861633087226
500,501,472.2,1.0,1.0,0.0,1.0,0.0,0.0,1.0,0.0,0,1.0,0,0.6784962641166159,0.6784962641166159,0.3215037358833841
501,502,379.7,1.0,1.0,0.0,1.0,0.0,0.0,1.0,0.0,0,1.0,0,0.7461489080398755,0.7461489080398755,0.25385109196012445
502,503,355.0,1.0,1.0,0.0,1.0,0.0,0.0,1.0,0.0,0,1.0,0,0.7995656980088051,0.7995656980088051,0.20043430199119494
503,504,342.5,1.0,1.0,0.0,1.0,0.0,0.0,1.0,0.0,0,1.0,0,0.8417422233464013,0.8417422233464013,0.15825777665359875
504,505,565.7,1.0,1.0,0.0,1.0,0.0,0.0,1.0,0.0,0,1.0,0,0.8750437244397389,0.8750437244397389,0.12495627556026112
505,506,369.2,1.0,1.0,0.0,1.0,0.0,0.0,1.0,0.0,0,1.0,0,0.9013377343467384,0.9013377343467384,0.09866226565326164
506,507,308.5,1.0,1.0,0.0,1.0,0.0,0.0,1.0,0.0,0,1.0,0,0.9220988092019408,0.9220988092019408,0.07790119079805924
507,508,400.0,1.0,0.0,1.0,1.0,1.0,0.0,1.0,0.0,0,1.0,0,0.9384912206548846,0.9384912206548846,0.06150877934511545
508,509,403.5,1.0,1.0,0.0,1.0,0.0,0.0,1.0,0.0,0,1.0,0,0.9514342476954748,0.9514342476954748,0.0485657523045252
509,510,390.8,1.0,1.0,0.0,1.0,0.0,0.0,1.0,0.0,0,1.0,0,0.9616537294022598,0.9616537294022598,0.038346270597740206
510,511,418.3,1.0,0.0,1.0,1.0,1.0,0.0,1.0,0.0,0,1.0,0,0.9697227696683264,0.9697227696683264,0.03027723033167362
511,512,361.8,1.0,1.0,0.0,1.0,0.0,0.0,1.0,0.0,0,1.0,0,0.976093876607358,0.976093876607358,0.023906123392641976
512,513,389.2,1.0,1.0,0.0,1.0,0.0,0.0,1.0,0.0,0,1.0,0,0.9811243390031498,0.9811243390031498,0.01887566099685023
513,514,328.6,1.0,0.0,1.0,1.0,1.0,0.0,1.0,0.0,0,1.0,0,0.985096262902346,0.985096262902346,0.014903737097654024
514,515,380.1,1.0,1.0,0.0,1.0,0.0,0.0,1.0,0.0,0,1.0,0,0.9882323919934218,0.9882323919934218,0.011767608006578167
515,516,399.5,1.0,1.0,0.0,1.0,0.0,0.0,1.0,0.0,0,1.0,0,0.9907085989715775,0.9907085989715775,0.009291401028422519
516,517,403.0,1.0,1.0,0.0,1.0,0.0,0.0,1.0,0.0,0,1.0,0,0.9926637483996142,0.9926637483996142,0.007336251600385757
517,518,362.3,1.0,1.0,0.0,1.0,0.0,0.0,1.0,0.0,0,1.0,0,0.9942074841695536,0.9942074841695536,0.005792515830446376
518,519,309.8,1.0,0.0,1.0,1.0,1.0,0.0,1.0,0.0,0,1.0,0,0.9954263782823087,0.9954263782823087,0.0045736217176912675
519,520,421.3,1.0,1.0,0.0,1.0,0.0,0.0,1.0,0.0,0,1.0,0,0.9963887857661797,0.9963887857661797,0.00361121423382027
520,521,340.7,1.0,1.0,0.0,1.0,0.0,0.0,1.0,0.0,0,1.0,0,0.9971486779957986,0.9971486779957986,0.002851322004201351
521,522,608.1,0.0,1.0,1.0,1.0,1.0,0.0,1.0,0.0,0,1.0,0,0.0022513306176914494,0.9977486693823086,-0.9977486693823086
522,523,511.6,1.0,1.0,0.0,1.0,0.0,0.0,1.0,0.0,0,1.0,0,0.3807559246117034,0.3807559246117034,0.6192440753882966
523,524,367.0,1.0,0.0,1.0,1.0,1.0,0.0,1.0,0.0,0,1.0,0,0.5110607834921868,0.5110607834921868,0.48893921650781325
524,525,434.5,1.0,0.0,1.0,1.0,1.0,0.0,1.0,0.0,0,1.0,0,0.6139461531555698,0.6139461531555698,0.3860538468444302
525,526,381.9,1.0,0.0,1.0,1.0,1.0,0.0,1.0,0.0,0,1.0,0,0.6951817984086757,0.6951817984086757,0.30481820159132433
526,527,469.3,1.0,0.0,1.0,1.0,1.0,0.0,1.0,0.0,0,1.0,0,0.7593233773453079,0.7593233773453079,0.24067662265469214
527,528,432.8,1.0,1.0,0.0,1.0,0.0,0.0,1.0,0.0,0,1.0,0,0.8099679205832644,0.8099679205832644,0.1900320794167356
528,529,440.1,0.0,1.0,1.0,1.0,1.0,0.0,1.0,0.0,0,1.0,0,0.1500444488921553,0.8499555511078447,-0.8499555511078447
529,530,539.6,1.0,0.0,1.0,1.0,1.0,0.0,1.0,0.0,0,1.0,0,0.671103071861526,0.671103071861526,0.32889692813847404
530,531,447.1,0.0,0.0,0.0,1.0,0.0,0.0,1.0,0.0,0,1.0,0,0.2596885666689921,0.7403114333310079,-0.7403114333310079
531,532,694.5,1.0,0.0,1.0,1.0,1.0,0.0,1.0,0.0,0,1.0,0,0.5845308926979526,0.5845308926979526,0.41546910730204745
532,533,385.9,1.0,0.0,1.0,1.0,1.0,0.0,1.0,0.0,0,1.0,0,0.6719562642887049,0.6719562642887049,0.3280437357112951
533,534,365.4,1.0,0.0,1.0,1.0,1.0,0.0,1.0,0.0,0,1.0,0,0.7409850921570753,0.7409850921570753,0.2590149078429247
534,535,348.8,1.0,0.0,1.0,1.0,1.0,0.0,1.0,0.0,0,1.0,0,0.7954884816214803,0.7954884816214803,0.20451151837851966
535,536,352.2,0.0,1.0,1.0,1.0,1.0,0.0,1.0,0.0,0,1.0,0,0.1614770419888405,0.8385229580111595,-0.8385229580111595
536,537,355.7,1.0,1.0,0.0,1.0,0.0,0.0,1.0,0.0,0,1.0,0,0.662076190001024,0.662076190001024,0.337923809998976
537,538,427.1,0.0,0.0,0.0,1.0,0.0,0.0,1.0,0.0,0,1.0,0,0.26681596072862024,0.7331840392713798,-0.7331840392713798
538,539,446.6,1.0,0.0,1.0,1.0,1.0,0.0,1.0,0.0,0,1.0,0,0.578903285417137,0.578903285417137,0.421096714582863
539,540,362.1,0.0,0.0,0.0,1.0,0.0,0.0,1.0,0.0,0,1.0,0,0.3324871498739098,0.6675128501260902,-0.6675128501260902
540,541,681.2,1.0,0.0,1.0,0.0,0.0,0.0,1.0,0.0,1,1.0,0,0.4729489987532044,0.5270510012467956,-0.5270510012467956
541,542,556.6,0.0,1.0,1.0,1.0,1.0,0.0,1.0,0.0,0,1.0,1,0.5838540668351511,0.41614593316484894,-0.41614593316484894
542,543,456.1,1.0,1.0,0.0,1.0,0.0,0.0,1.0,0.0,0,1.0,0,0.3285781400281436,0.3285781400281436,0.6714218599718564
543,544,727.5,1.0,1.0,0.0,1.0,0.0,0.0,1.0,0.0,2,1.0,0,0.4698625449827557,0.4698625449827557,0.5301374550172443
544,545,426.9,0.0,1.0,1.0,1.0,1.0,0.0,1.0,0.0,0,1.0,0,0.41858291778575873,0.5814170822142413,-0.5814170822142413
545,546,374.4,0.0,1.0,1.0,1.0,1.0,0.0,1.0,0.0,0,1.0,0,0.5409280057078724,0.45907199429212764,-0.45907199429212764
546,547,369.8,1.0,0.0,1.0,1.0,1.0,0.0,1.0,0.0,0,1.0,0,0.3624714553290248,0.3624714553290248,0.6375285446709752
547,548,329.2,1.0,1.0,0.0,1.0,0.0,0.0,1.0,0.0,0,1.0,0,0.49662383618715483,0.49662383618715483,0.5033761638128451
548,549,292.7,1.0,0.0,1.0,1.0,1.0,0.0,1.0,0.0,0,1.0,0,0.6025471103796487,0.6025471103796487,0.3974528896203513
549,550,340.1,1.0,0.0,1.0,1.0,1.0,0.0,1.0,0.0,0,1.0,0,0.6861814070197018,0.6861814070197018,0.31381859298029824
550,551,407.6,1.0,0.0,1.0,1.0,1.0,0.0,1.0,0.0,0,1.0,0,0.7522168994815848,0.7522168994815848,0.24778310051841523
551,552,463.0,0.0,1.0,1.0,1.0,1.0,0.0,1.0,0.0,0,1.0,0,0.19564317180650148,0.8043568281934985,-0.8043568281934985
552,553,406.4,1.0,1.0,0.0,1.0,0.0,0.0,1.0,0.0,0,1.0,0,0.6350994914614757,0.6350994914614757,0.3649005085385243
553,554,469.9,1.0,1.0,0.0,1.0,0.0,0.0,1.0,0.0,0,1.0,0,0.7118839310069229,0.7118839310069229,0.28811606899307707
554,555,397.3,0.0,0.0,0.0,1.0,0.0,0.0,1.0,0.0,0,1.0,0,0.22748904775302525,0.7725109522469747,-0.7725109522469747
555,556,416.7,1.0,1.0,0.0,1.0,0.0,0.0,1.0,0.0,0,1.0,0,0.609954805782352,0.609954805782352,0.39004519421764805
556,557,380.2,1.0,1.0,0.0,1.0,0.0,0.0,1.0,0.0,0,1.0,0,0.6920303330414084,0.6920303330414084,0.3079696669585916
557,558,343.7,1.0,0.0,1.0,1.0,1.0,0.0,1.0,0.0,0,1.0,0,0.7568350612373871,0.7568350612373871,0.24316493876261291
558,559,391.0,1.0,0.0,1.0,1.0,1.0,0.0,1.0,0.0,0,1.0,0,0.8080032100973907,0.8080032100973907,0.19199678990260927
559,560,498.5,0.0,1.0,1.0,1.0,1.0,0.0,1.0,0.0,0,1.0,0,0.1515957338277849,0.8484042661722151,-0.8484042661722151
560,561,357.9,1.0,0.0,1.0,1.0,1.0,0.0,1.0,0.0,0,1.0,0,0.6698782171214439,0.6698782171214439,0.3301217828785561
561,562,293.3,1.0,0.0,1.0,1.0,1.0,0.0,1.0,0.0,0,1.0,0,0.7393443194888996,0.7393443194888996,0.26065568051110044
562,563,384.8,1.0,1.0,0.0,1.0,0.0,0.0,1.0,0.0,0,1.0,0,0.7941929696662916,0.7941929696662916,0.2058070303337084
563,564,504.2,0.0,0.0,0.0,1.0,0.0,0.0,1.0,0.0,0,1.0,0,0.16249994495315112,0.8375000550468489,-0.8375000550468489
564,565,427.7,1.0,0.0,1.0,1.0,1.0,0.0,1.0,0.0,0,1.0,0,0.6612685320938896,0.6612685320938896,0.3387314679061104
565,566,475.1,1.0,1.0,0.0,1.0,0.0,0.0,1.0,0.0,0,1.0,0,0.7325463333327755,0.7325463333327755,0.2674536666672245
566,567,454.5,0.0,0.0,0.0,1.0,0.0,0.0,1.0,0.0,0,1.0,0,0.21117454559483062,0.7888254544051694,-0.7888254544051694
567,568,426.0,1.0,0.0,1.0,1.0,1.0,0.0,1.0,0.0,0,1.0,0,0.6228363176449254,0.6228363176449254,0.3771636823550746
568,569,405.5,1.0,1.0,0.0,1.0,0.0,0.0,1.0,0.0,0,1.0,0,0.702201243943662,0.702201243943662,0.297798756056338
569,570,468.8,1.0,0.0,1.0,1.0,1.0,0.0,1.0,0.0,0,1.0,0,0.7648657512437476,0.7648657512437476,0.23513424875625244
570,571,416.3,1.0,0.0,1.0,1.0,1.0,0.0,1.0,0.0,0,1.0,0,0.8143440366563931,0.8143440366563931,0.1856559633436069
571,572,347.8,0.0,1.0,1.0,1.0,1.0,0.0,1.0,0.0,0,1.0,0,0.14658918004230626,0.8534108199576937,-0.8534108199576937
572,573,311.1,0.0,0.0,0.0,1.0,0.0,0.0,1.0,0.0,0,1.0,0,0.3261687366039653,0.6738312633960347,-0.6738312633960347
573,574,374.6,1.0,1.0,0.0,1.0,0.0,0.0,1.0,0.0,0,1.0,0,0.5320398580749245,0.5320398580749245,0.4679601419250755
574,575,338.0,0.0,0.0,0.0,1.0,0.0,0.0,1.0,0.0,0,1.0,0,0.3694893084059949,0.6305106915940051,-0.6305106915940051
575,576,373.5,1.0,1.0,0.0,1.0,0.0,0.0,1.0,0.0,0,1.0,0,0.4978350472783525,0.4978350472783525,0.5021649527216475
576,577,408.2,0.0,0.0,0.0,1.0,0.0,0.0,1.0,0.0,0,2.0,0,0.396496548452962,0.603503451547038,-0.603503451547038
577,578,379.6,1.0,1.0,0.0,1.0,0.0,0.0,1.0,0.0,0,2.0,0,0.476510824224103,0.476510824224103,0.523489175775897
578,579,363.1,1.0,1.0,0.0,1.0,0.0,0.0,1.0,0.0,0,2.0,0,0.5866663927407105,0.5866663927407105,0.41333360725928947
579,580,390.6,0.0,1.0,1.0,1.0,1.0,0.0,1.0,0.0,0,2.0,0,0.32635759972831657,0.6736424002716834,-0.6736424002716834
580,581,322.1,1.0,0.0,1.0,1.0,1.0,0.0,1.0,0.0,0,2.0,0,0.5318907366029271,0.5318907366029271,0.46810926339707293
581,582,525.4,1.0,1.0,0.0,1.0,0.0,0.0,1.0,0.0,0,2.0,0,0.6303929491099334,0.6303929491099334,0.3696070508900666
582,583,828.9,1.0,0.0,1.0,1.0,1.0,0.0,1.0,0.0,2,2.0,0,0.7081677660547092,0.7081677660547092,0.2918322339452908
583,584,360.3,1.0,0.0,1.0,1.0,1.0,0.0,1.0,0.0,0,2.0,0,0.769576763851212,0.769576763851212,0.230423236148788
584,585,367.7,1.0,1.0,0.0,1.0,0.0,0.0,1.0,0.0,0,2.0,0,0.8180637312078634,0.8180637312078634,0.18193626879213665
585,586,359.2,0.0,1.0,1.0,1.0,1.0,0.0,1.0,0.0,0,2.0,0,0.143652204765629,0.856347795234371,-0.856347795234371
586,587,694.6,1.0,0.0,1.0,1.0,1.0,0.0,1.0,0.0,0,2.0,0,0.6761502236376502,0.6761502236376502,0.3238497763623498
587,588,374.1,0.0,1.0,1.0,1.0,1.0,0.0,1.0,0.0,0,2.0,0,0.25570346526375576,0.7442965347362442,-0.7442965347362442
588,589,369.5,1.0,0.0,1.0,1.0,1.0,0.0,1.0,0.0,0,2.0,0,0.5876774264093306,0.5876774264093306,0.4123225735906694
589,590,372.9,1.0,0.0,1.0,1.0,1.0,0.0,1.0,0.0,0,2.0,0,0.6744406864878062,0.6744406864878062,0.3255593135121938
590,591,352.4,0.0,1.0,1.0,1.0,1.0,0.0,1.0,0.0,0,2.0,0,0.257053271887439,0.742946728112561,-0.742946728112561
591,592,395.8,1.0,1.0,0.0,1.0,0.0,0.0,1.0,0.0,0,2.0,0,0.5866116537693471,0.5866116537693471,0.4133883462306529
592,593,415.2,1.0,1.0,0.0,1.0,0.0,0.0,1.0,0.0,0,2.0,0,0.6735991797858772,0.6735991797858772,0.32640082021412276
593,594,494.7,0.0,1.0,1.0,1.0,1.0,0.0,1.0,0.0,0,2.0,0,0.2577177039649994,0.7422822960350006,-0.7422822960350006
594,595,450.1,0.0,1.0,1.0,1.0,1.0,0.0,1.0,0.0,0,2.0,0,0.4139129647330121,0.5860870352669879,-0.5860870352669879
595,596,381.6,1.0,0.0,1.0,1.0,1.0,0.0,1.0,0.0,0,2.0,0,0.46275926927381633,0.46275926927381633,0.5372407307261837
596,597,321.0,1.0,0.0,1.0,1.0,1.0,0.0,1.0,0.0,0,2.0,0,0.5758085181636446,0.5758085181636446,0.42419148183635536
597,598,316.4,1.0,0.0,1.0,1.0,1.0,0.0,1.0,0.0,0,2.0,0,0.6650693013925028,0.6650693013925028,0.33493069860749725
598,599,447.9,1.0,1.0,0.0,1.0,0.0,0.0,1.0,0.0,0,2.0,0,0.7355473231473743,0.7355473231473743,0.26445267685262575
599,600,491.3,1.0,0.0,1.0,1.0,1.0,0.0,1.0,0.0,0,2.0,0,0.7911949588817003,0.7911949588817003,0.20880504111829967
600,601,278.7,1.0,0.0,1.0,1.0,1.0,0.0,1.0,0.0,0,2.0,0,0.8351329027358948,0.8351329027358948,0.1648670972641052
601,602,378.2,1.0,1.0,0.0,1.0,0.0,0.0,1.0,0.0,0,2.0,0,0.8698251746475207,0.8698251746475207,0.13017482535247926
602,603,461.7,1.0,1.0,0.0,1.0,0.0,0.0,1.0,0.0,0,2.0,0,0.8972173014703896,0.8972173014703896,0.10278269852961042
603,604,485.1,0.0,0.0,0.0,1.0,0.0,0.0,1.0,0.0,0,2.0,0,0.08115457876300947,0.9188454212369905,-0.9188454212369905
604,605,444.5,0.0,0.0,0.0,1.0,0.0,0.0,1.0,0.0,0,2.0,0,0.27450325613580095,0.725496743864199,-0.725496743864199
605,606,411.9,1.0,1.0,0.0,1.0,0.0,0.0,1.0,0.0,0,2.0,0,0.5728335944134819,0.5728335944134819,0.4271664055865181
606,607,367.4,1.0,1.0,0.0,1.0,0.0,0.0,1.0,0.0,0,2.0,0,0.662720378010938,0.662720378010938,0.33727962198906203
607,608,354.8,1.0,1.0,0.0,1.0,0.0,0.0,1.0,0.0,0,2.0,0,0.7336926735778987,0.7336926735778987,0.2663073264221013
608,609,390.2,0.0,0.0,0.0,1.0,0.0,0.0,1.0,0.0,0,2.0,0,0.21026942478127997,0.78973057521872,-0.78973057521872
609,610,325.7,1.0,1.0,0.0,1.0,0.0,0.0,1.0,0.0,0,2.0,0,0.62355097779108,0.62355097779108,0.37644902220891996
610,611,553.1,1.0,0.0,1.0,1.0,1.0,0.0,1.0,0.0,0,2.0,0,0.7027655212388644,0.7027655212388644,0.2972344787611356
611,612,404.5,1.0,1.0,0.0,1.0,0.0,0.0,1.0,0.0,0,2.0,0,0.7653112901024542,0.7653112901024542,0.23468870989754576
612,613,483.8,1.0,0.0,1.0,1.0,1.0,0.0,1.0,0.0,0,2.0,0,0.8146958226954654,0.8146958226954654,0.18530417730453463
613,614,355.2,0.0,0.0,0.0,1.0,0.0,0.0,1.0,0.0,0,2.0,0,0.14631141882155574,0.8536885811784443,-0.8536885811784443
614,615,486.6,1.0,1.0,0.0,1.0,0.0,0.0,1.0,0.0,0,2.0,0,0.674050576521582,0.674050576521582,0.32594942347841804
615,616,298.0,1.0,1.0,0.0,1.0,0.0,0.0,1.0,0.0,0,2.0,0,0.7426387073032897,0.7426387073032897,0.25736129269671026
616,617,361.5,1.0,0.0,1.0,1.0,1.0,0.0,1.0,0.0,0,2.0,0,0.7967941336674664,0.7967941336674664,0.20320586633253357
617,618,552.9,1.0,0.0,1.0,1.0,1.0,0.0,1.0,0.0,0,2.0,0,0.8395538673307134,0.8395538673307134,0.16044613266928665
618,619,344.3,0.0,0.0,0.0,1.0,0.0,0.0,1.0,0.0,0,2.0,0,0.1266841452618479,0.8733158547381521,-0.8733158547381521
619,620,403.8,1.0,0.0,1.0,1.0,1.0,0.0,1.0,0.0,0,2.0,0,0.6895477675935362,0.6895477675935362,0.3104522324064638
620,621,359.2,1.0,1.0,0.0,1.0,0.0,0.0,1.0,0.0,0,2.0,0,0.7548748913249809,0.7548748913249809,0.24512510867501913
621,622,370.6,1.0,0.0,1.0,1.0,1.0,0.0,1.0,0.0,0,2.0,0,0.8064555102819454,0.8064555102819454,0.1935444897180546
622,623,290.1,1.0,0.0,1.0,1.0,1.0,0.0,1.0,0.0,0,2.0,0,0.8471822421509458,0.8471822421509458,0.15281775784905416
623,624,501.5,1.0,0.0,1.0,1.0,1.0,0.0,1.0,0.0,0,2.0,0,0.8793390235597409,0.8793390235597409,0.12066097644025908
624,625,413.0,1.0,0.0,1.0,1.0,1.0,0.0,1.0,0.0,0,2.0,0,0.9047291922061997,0.9047291922061997,0.09527080779380026
625,626,336.4,1.0,0.0,1.0,1.0,1.0,0.0,1.0,0.0,0,2.0,0,0.9247766172174385,0.9247766172174385,0.07522338278256147
626,627,287.8,1.0,0.0,1.0,1.0,1.0,0.0,1.0,0.0,0,2.0,0,0.9406055490838402,0.9406055490838402,0.0593944509161598
627,628,271.3,1.0,0.0,1.0,1.0,1.0,0.0,1.0,0.0,0,2.0,0,0.9531036671159926,0.9531036671159926,0.04689633288400741
628,629,418.8,1.0,1.0,0.0,1.0,0.0,0.0,1.0,0.0,0,2.0,0,0.9629718600972996,0.9629718600972996,0.037028139902700374
629,630,334.1,1.0,1.0,0.0,1.0,0.0,0.0,1.0,0.0,0,2.0,0,0.9707635318086563,0.9707635318086563,0.029236468191343734
630,631,293.6,0.0,1.0,1.0,1.0,1.0,0.0,1.0,0.0,0,2.0,0,0.023084364338839425,0.9769156356611606,-0.9769156356611606
631,632,585.1,1.0,1.0,0.0,1.0,0.0,0.0,1.0,0.0,0,2.0,0,0.3728057250670893,0.3728057250670893,0.6271942749329107
632,633,388.4,1.0,1.0,0.0,1.0,0.0,0.0,1.0,0.0,0,2.0,0,0.5047835101343643,0.5047835101343643,0.4952164898656357
633,634,471.9,0.0,0.0,0.0,1.0,0.0,0.0,1.0,0.0,0,2.0,0,0.3910102206546351,0.6089897793453649,-0.6089897793453649
634,635,379.3,0.0,1.0,1.0,1.0,1.0,0.0,1.0,0.0,0,2.0,0,0.5191573122638611,0.4808426877361389,-0.4808426877361389
635,636,318.8,1.0,0.0,1.0,1.0,1.0,0.0,1.0,0.0,0,2.0,0,0.379661035687419,0.379661035687419,0.620338964312581
636,637,394.3,1.0,0.0,1.0,1.0,1.0,0.0,1.0,0.0,0,2.0,0,0.510196287320032,0.510196287320032,0.48980371267996803
637,638,321.6,1.0,0.0,1.0,1.0,1.0,0.0,1.0,0.0,0,2.0,0,0.6132635691828086,0.6132635691828086,0.38673643081719145
638,639,357.1,1.0,1.0,0.0,1.0,0.0,0.0,1.0,0.0,0,2.0,0,0.6946428476361012,0.6946428476361012,0.3053571523638988
639,640,380.6,1.0,1.0,0.0,1.0,0.0,0.0,1.0,0.0,0,2.0,0,0.7588978356583509,0.7588978356583509,0.2411021643416491
640,641,272.0,1.0,0.0,1.0,1.0,1.0,0.0,1.0,0.0,0,2.0,0,0.8096319237973739,0.8096319237973739,0.19036807620262608
641,642,299.4,1.0,0.0,1.0,1.0,1.0,0.0,1.0,0.0,0,2.0,0,0.8496902566758561,0.8496902566758561,0.15030974332414393
642,643,370.9,0.0,1.0,1.0,1.0,1.0,0.0,1.0,0.0,0,2.0,0,0.11868071259028867,0.8813192874097113,-0.8813192874097113
643,644,350.3,1.0,1.0,0.0,1.0,0.0,0.0,1.0,0.0,0,2.0,0,0.6958670724610901,0.6958670724610901,0.30413292753890986
644,645,445.8,0.0,0.0,0.0,1.0,0.0,0.0,1.0,0.0,0,2.0,0,0.2401355478643188,0.7598644521356812,-0.7598644521356812
645,646,393.1,0.0,1.0,1.0,1.0,1.0,0.0,1.0,0.0,0,2.0,0,0.40003054587741893,0.5999694541225811,-0.5999694541225811
646,647,484.6,1.0,0.0,1.0,1.0,1.0,0.0,1.0,0.0,0,2.0,0,0.47372047062924444,0.47372047062924444,0.5262795293707556
647,648,404.1,1.0,0.0,1.0,1.0,1.0,0.0,1.0,0.0,0,2.0,0,0.5844632012130493,0.5844632012130493,0.4155367987869507
648,649,531.2,1.0,1.0,0.0,1.0,0.0,0.0,1.0,0.0,0,2.0,0,0.6719028168308958,0.6719028168308958,0.3280971831691042
649,650,462.6,1.0,1.0,0.0,1.0,0.0,0.0,1.0,0.0,0,2.0,0,0.7409428914171988,0.7409428914171988,0.2590571085828012
650,651,570.1,1.0,1.0,0.0,1.0,0.0,0.0,1.0,0.0,0,2.0,0,0.795455161001209,0.795455161001209,0.20454483899879095
651,652,421.6,1.0,1.0,0.0,1.0,0.0,0.0,1.0,0.0,0,2.0,0,0.8384966489052407,0.8384966489052407,0.16150335109475933
652,653,464.9,0.0,0.0,0.0,1.0,0.0,0.0,1.0,0.0,0,2.0,0,0.1275188977757159,0.8724811022242841,-0.8724811022242841
653,654,348.4,1.0,1.0,0.0,1.0,0.0,0.0,1.0,0.0,0,2.0,0,0.6888886684493859,0.6888886684493859,0.3111113315506141
654,655,383.9,1.0,0.0,1.0,1.0,1.0,0.0,1.0,0.0,0,2.0,0,0.7543544835698647,0.7543544835698647,0.24564551643013532
655,656,303.2,1.0,0.0,1.0,1.0,1.0,0.0,1.0,0.0,0,2.0,0,0.806044609685292,0.806044609685292,0.193955390314708
656,657,390.7,1.0,1.0,0.0,1.0,0.0,0.0,1.0,0.0,0,2.0,0,0.8468578055938996,0.8468578055938996,0.15314219440610044
657,658,514.2,0.0,1.0,1.0,1.0,1.0,0.0,1.0,0.0,0,2.0,0,0.12091714321247926,0.8790828567875207,-0.8790828567875207
658,659,453.6,0.0,1.0,1.0,1.0,1.0,0.0,1.0,0.0,0,2.0,0,0.3058987557149846,0.6941012442850154,-0.6941012442850154
659,660,485.1,1.0,1.0,0.0,1.0,0.0,0.0,1.0,0.0,0,2.0,0,0.548044514345995,0.548044514345995,0.451955485654005
660,661,424.5,1.0,0.0,1.0,1.0,1.0,0.0,1.0,0.0,0,2.0,0,0.6431475571025643,0.6431475571025643,0.3568524428974357
661,662,411.9,1.0,1.0,0.0,1.0,0.0,0.0,1.0,0.0,0,2.0,0,0.7182384769208098,0.7182384769208098,0.2817615230791902
662,663,439.4,1.0,1.0,0.0,1.0,0.0,0.0,1.0,0.0,0,2.0,0,0.7775283384826857,0.7775283384826857,0.22247166151731435
663,664,462.8,1.0,1.0,0.0,1.0,0.0,0.0,1.0,0.0,0,2.0,0,0.8243420902989508,0.8243420902989508,0.17565790970104922
664,665,546.2,1.0,0.0,1.0,1.0,1.0,0.0,1.0,0.0,0,2.0,0,0.8613050263116746,0.8613050263116746,0.1386949736883254
665,666,421.7,1.0,0.0,1.0,1.0,1.0,0.0,1.0,0.0,0,2.0,0,0.8904900111862689,0.8904900111862689,0.10950998881373109
666,667,297.1,1.0,0.0,1.0,1.0,1.0,0.0,1.0,0.0,0,2.0,0,0.9135337256205632,0.9135337256205632,0.08646627437943677
667,668,404.6,1.0,1.0,0.0,1.0,0.0,0.0,1.0,0.0,0,2.0,0,0.9317284506550639,0.9317284506550639,0.06827154934493607
668,669,288.0,1.0,1.0,0.0,1.0,0.0,0.0,1.0,0.0,0,2.0,0,0.9460945382068351,0.9460945382068351,0.05390546179316491
669,670,335.4,1.0,0.0,1.0,1.0,1.0,0.0,1.0,0.0,0,2.0,0,0.9574376319416297,0.9574376319416297,0.042562368058370326
670,671,374.9,0.0,0.0,0.0,1.0,0.0,0.0,1.0,0.0,0,2.0,0,0.03360615259520672,0.9663938474047933,-0.9663938474047933
671,672,434.3,1.0,1.0,0.0,1.0,0.0,0.0,1.0,0.0,0,2.0,0,0.3687904521440978,0.3687904521440978,0.6312095478559022
672,673,429.7,1.0,0.0,1.0,1.0,1.0,0.0,1.0,0.0,0,2.0,0,0.5016131537675286,0.5016131537675286,0.4983868462324714
673,674,349.2,1.0,0.0,1.0,1.0,1.0,0.0,1.0,0.0,0,2.0,0,0.6064865473894043,0.6064865473894043,0.39351345261059567
674,675,748.7,1.0,1.0,0.0,1.0,0.0,0.0,1.0,0.0,2,2.0,0,0.6892918852973082,0.6892918852973082,0.3107081147026918
675,676,320.0,1.0,1.0,0.0,1.0,0.0,0.0,1.0,0.0,0,2.0,0,0.7546728532362716,0.7546728532362716,0.24532714676372835
676,677,379.5,1.0,1.0,0.0,1.0,0.0,0.0,1.0,0.0,0,2.0,0,0.8062959861964928,0.8062959861964928,0.1937040138035072
677,678,382.9,0.0,1.0,1.0,1.0,1.0,0.0,1.0,0.0,0,2.0,0,0.15294371396951667,0.8470562860304833,-0.8470562860304833
678,679,374.4,1.0,1.0,0.0,1.0,0.0,0.0,1.0,0.0,0,2.0,0,0.6688138866246957,0.6688138866246957,0.33118611337530435
679,680,385.8,0.0,0.0,0.0,1.0,0.0,0.0,1.0,0.0,0,2.0,0,0.2614960485337725,0.7385039514662275,-0.7385039514662275
680,681,369.2,1.0,0.0,1.0,1.0,1.0,0.0,1.0,0.0,0,2.0,0,0.5831037514430868,0.5831037514430868,0.4168962485569132
681,682,436.7,1.0,1.0,0.0,1.0,0.0,0.0,1.0,0.0,0,2.0,0,0.6708294302102965,0.6708294302102965,0.3291705697897035
682,683,380.1,0.0,0.0,0.0,1.0,0.0,0.0,1.0,0.0,0,2.0,0,0.25990462708825757,0.7400953729117424,-0.7400953729117424
683,684,439.5,1.0,1.0,0.0,1.0,0.0,0.0,1.0,0.0,0,2.0,0,0.5843602969404593,0.5843602969404593,0.4156397030595407
684,685,758.8,1.0,0.0,1.0,1.0,1.0,0.0,1.0,0.0,2,2.0,0,0.6718215662603774,0.6718215662603774,0.32817843373962263
685,686,618.2,1.0,0.0,1.0,1.0,1.0,0.0,1.0,0.0,0,2.0,0,0.740878738053656,0.740878738053656,0.259121261946344
686,687,589.6,1.0,1.0,0.0,1.0,0.0,0.0,1.0,0.0,0,2.0,0,0.7954045071531487,0.7954045071531487,0.2045954928468513
687,688,449.0,1.0,1.0,0.0,1.0,0.0,0.0,1.0,0.0,0,2.0,0,0.8384566539278674,0.8384566539278674,0.1615433460721326
688,689,512.5,0.0,1.0,1.0,1.0,1.0,0.0,1.0,0.0,0,2.0,0,0.12755047678257014,0.8724495232174299,-0.8724495232174299
689,690,531.9,1.0,0.0,1.0,1.0,1.0,0.0,1.0,0.0,0,2.0,0,0.6888637344766875,0.6888637344766875,0.3111362655233125
690,691,431.3,1.0,0.0,1.0,1.0,1.0,0.0,1.0,0.0,0,2.0,0,0.7543347963454565,0.7543347963454565,0.24566520365454347
691,692,430.8,0.0,0.0,0.0,1.0,0.0,0.0,1.0,0.0,0,2.0,0,0.19397093484143002,0.80602906515857,-0.80602906515857
692,693,762.2,0.0,1.0,1.0,1.0,1.0,0.0,1.0,0.0,2,2.0,0,0.3635801531826741,0.6364198468173259,-0.6364198468173259
693,694,505.7,1.0,1.0,0.0,1.0,0.0,0.0,1.0,0.0,0,2.0,0,0.5025007644647492,0.5025007644647492,0.49749923553525077
694,695,769.1,1.0,0.0,1.0,1.0,1.0,0.0,1.0,0.0,2,2.0,0,0.6071873819974559,0.6071873819974559,0.3928126180025441
695,696,564.5,0.0,1.0,1.0,0.0,0.0,0.0,1.0,0.0,1,2.0,0,0.6898452463027365,0.6898452463027365,0.31015475369726353
696,697,524.0,0.0,0.0,0.0,1.0,0.0,0.0,1.0,0.0,0,2.0,1,0.24489022712704,0.75510977287296,-0.75510977287296
697,698,447.5,1.0,0.0,1.0,1.0,1.0,0.0,1.0,0.0,0,2.0,0,0.5962152815017076,0.5962152815017076,0.40378471849829245
698,699,442.8,1.0,0.0,1.0,1.0,1.0,0.0,1.0,0.0,0,2.0,0,0.6811819575720817,0.6811819575720817,0.31881804242791834
699,700,410.3,0.0,0.0,0.0,1.0,0.0,0.0,1.0,0.0,0,2.0,0,0.2517305373903094,0.7482694626096906,-0.7482694626096906
700,701,321.8,1.0,0.0,1.0,1.0,1.0,0.0,1.0,0.0,0,2.0,0,0.5908143482126872,0.5908143482126872,0.4091856517873128
701,702,533.2,0.0,1.0,1.0,1.0,1.0,0.0,1.0,0.0,0,2.0,0,0.3230824806287824,0.6769175193712176,-0.6769175193712176
702,703,400.6,1.0,0.0,1.0,1.0,1.0,0.0,1.0,0.0,0,2.0,0,0.5344766865217727,0.5344766865217727,0.4655233134782273
703,704,368.0,0.0,0.0,0.0,1.0,0.0,0.0,1.0,0.0,0,2.0,0,0.3675652512548323,0.6324347487451677,-0.6324347487451677
704,705,447.5,1.0,1.0,0.0,0.0,1.0,0.0,1.0,0.0,1,2.0,0,0.500645766614916,0.499354233385084,-0.499354233385084
705,706,490.9,1.0,1.0,0.0,1.0,0.0,0.0,1.0,0.0,0,2.0,1,0.39427727665874907,0.39427727665874907,0.605722723341251
706,707,634.3,0.0,1.0,1.0,1.0,1.0,0.0,1.0,0.0,0,2.0,0,0.4782631042303347,0.5217368957696653,-0.5217368957696653
707,708,741.8,1.0,0.0,1.0,1.0,1.0,0.0,1.0,0.0,2,2.0,0,0.41195005197406204,0.41195005197406204,0.588049948025938
708,709,553.2,1.0,1.0,0.0,1.0,0.0,0.0,1.0,0.0,0,2.0,0,0.5356908652295579,0.5356908652295579,0.4643091347704421
709,710,420.6,1.0,1.0,0.0,1.0,0.0,0.0,1.0,0.0,0,2.0,0,0.6333934330663906,0.6333934330663906,0.3666065669336094
710,711,360.1,1.0,0.0,1.0,1.0,1.0,0.0,1.0,0.0,0,2.0,0,0.7105368711186447,0.7105368711186447,0.2894631288813553
711,712,439.6,0.0,0.0,0.0,1.0,0.0,0.0,1.0,0.0,0,2.0,0,0.22855265164128347,0.7714473483587165,-0.7714473483587165
712,713,419.0,1.0,1.0,0.0,1.0,0.0,0.0,1.0,0.0,0,2.0,0,0.6091150114710805,0.6091150114710805,0.3908849885289195
713,714,326.4,1.0,0.0,1.0,1.0,1.0,0.0,1.0,0.0,0,2.0,0,0.6913672530235281,0.6913672530235281,0.3086327469764719
714,715,425.9,1.0,1.0,0.0,1.0,0.0,0.0,1.0,0.0,0,2.0,0,0.7563115102866234,0.7563115102866234,0.24368848971337664
715,716,589.2,1.0,1.0,0.0,1.0,0.0,0.0,1.0,0.0,0,2.0,0,0.8075898277141877,0.8075898277141877,0.19241017228581225
716,717,460.7,0.0,0.0,0.0,1.0,0.0,0.0,1.0,0.0,0,2.0,0,0.15192212993974563,0.8480778700602544,-0.8480778700602544
717,718,512.2,1.0,0.0,1.0,1.0,1.0,0.0,1.0,0.0,0,2.0,0,0.6696205031349948,0.6696205031349948,0.33037949686500523
718,719,443.6,1.0,1.0,0.0,1.0,0.0,0.0,1.0,0.0,0,2.0,0,0.7391408351446391,0.7391408351446391,0.26085916485536087
719,720,343.0,1.0,0.0,1.0,1.0,1.0,0.0,1.0,0.0,0,2.0,0,0.7940323036546033,0.7940323036546033,0.2059676963453967
720,721,455.7,1.0,1.0,0.0,1.0,0.0,0.0,1.0,0.0,0,3.0,0,0.8373731972907613,0.8373731972907613,0.16262680270923868
721,722,363.1,1.0,0.0,1.0,1.0,1.0,0.0,1.0,0.0,0,3.0,0,0.8715940536855903,0.8715940536855903,0.1284059463144097
722,723,318.6,1.0,0.0,1.0,1.0,1.0,0.0,1.0,0.0,0,3.0,0,0.8986139629248064,0.8986139629248064,0.10138603707519356
723,724,405.9,1.0,1.0,0.0,1.0,0.0,0.0,1.0,0.0,0,3.0,0,0.9199481892478448,0.9199481892478448,0.08005181075215517
724,725,393.4,1.0,0.0,1.0,1.0,1.0,0.0,1.0,0.0,0,3.0,0,0.9367931463782718,0.9367931463782718,0.06320685362172818
725,726,404.9,0.0,0.0,0.0,1.0,0.0,0.0,1.0,0.0,0,3.0,0,0.049906508137931405,0.9500934918620686,-0.9500934918620686
726,727,328.3,1.0,0.0,1.0,1.0,1.0,0.0,1.0,0.0,0,3.0,0,0.750169417816269,0.750169417816269,0.249830582183731
727,728,363.7,1.0,1.0,0.0,1.0,0.0,0.0,1.0,0.0,0,3.0,0,0.8027401892605771,0.8027401892605771,0.1972598107394229
728,729,287.2,0.0,1.0,1.0,1.0,1.0,0.0,1.0,0.0,0,3.0,0,0.15575127989869786,0.8442487201013021,-0.8442487201013021
729,730,366.6,1.0,1.0,0.0,1.0,0.0,0.0,1.0,0.0,0,3.0,0,0.6665971046799558,0.6665971046799558,0.3334028953200442
730,731,298.0,1.0,1.0,0.0,1.0,0.0,0.0,1.0,0.0,0,3.0,0,0.7367536373811874,0.7367536373811874,0.2632463626188126
731,732,305.4,1.0,0.0,1.0,1.0,1.0,0.0,1.0,0.0,0,3.0,0,0.7921474336162756,0.7921474336162756,0.2078525663837244
732,733,348.9,1.0,0.0,1.0,1.0,1.0,0.0,1.0,0.0,0,3.0,0,0.8358849523217947,0.8358849523217947,0.16411504767820528
733,734,484.3,1.0,1.0,0.0,1.0,0.0,0.0,1.0,0.0,0,3.0,0,0.87041897368399,0.87041897368399,0.12958102631600998
734,735,383.7,1.0,1.0,0.0,1.0,0.0,0.0,1.0,0.0,0,3.0,0,0.8976861499377283,0.8976861499377283,0.10231385006227167
735,736,383.2,0.0,0.0,0.0,1.0,0.0,0.0,1.0,0.0,0,3.0,0,0.08078438805567367,0.9192156119443263,-0.9192156119443263
736,737,318.7,1.0,0.0,1.0,1.0,1.0,0.0,1.0,0.0,0,3.0,0,0.7257890369382826,0.7257890369382826,0.27421096306171744
737,738,450.1,1.0,1.0,0.0,1.0,0.0,0.0,1.0,0.0,0,3.0,0,0.7834900667347056,0.7834900667347056,0.21650993326529444
738,739,405.5,0.0,1.0,1.0,1.0,1.0,0.0,1.0,0.0,0,3.0,0,0.1709506822015413,0.8290493177984587,-0.8290493177984587
739,740,361.0,0.0,1.0,1.0,1.0,1.0,0.0,1.0,0.0,0,3.0,0,0.34540395297841475,0.6545960470215852,-0.6545960470215852
740,741,372.4,1.0,0.0,1.0,1.0,1.0,0.0,1.0,0.0,0,3.0,0,0.5168522252863761,0.5168522252863761,0.4831477747136239
741,742,367.8,1.0,1.0,0.0,1.0,0.0,0.0,1.0,0.0,0,3.0,0,0.6185189268418193,0.6185189268418193,0.3814810731581807
742,743,331.3,0.0,0.0,0.0,1.0,0.0,0.0,1.0,0.0,0,3.0,0,0.30120765694134866,0.6987923430586513,-0.6987923430586513
743,744,350.7,1.0,1.0,0.0,1.0,0.0,0.0,1.0,0.0,0,3.0,0,0.5517484854457655,0.5517484854457655,0.4482515145542345
744,745,474.2,1.0,1.0,0.0,1.0,0.0,0.0,1.0,0.0,0,3.0,0,0.6460721175456396,0.6460721175456396,0.35392788245436035
745,746,577.5,1.0,0.0,1.0,1.0,1.0,0.0,1.0,0.0,0,3.0,0,0.7205476347286909,0.7205476347286909,0.2794523652713091
746,747,485.0,1.0,0.0,1.0,1.0,1.0,0.0,1.0,0.0,0,3.0,0,0.779351590176568,0.779351590176568,0.22064840982343203
747,748,340.5,1.0,0.0,1.0,1.0,1.0,0.0,1.0,0.0,0,3.0,0,0.8257816830058239,0.8257816830058239,0.17421831699417611
748,749,376.0,0.0,0.0,0.0,1.0,0.0,0.0,1.0,0.0,0,3.0,0,0.13755830826323023,0.8624416917367698,-0.8624416917367698
749,750,355.4,1.0,0.0,1.0,1.0,1.0,0.0,1.0,0.0,0,3.0,0,0.680961807792887,0.680961807792887,0.31903819220711305
750,751,390.8,1.0,0.0,1.0,1.0,1.0,0.0,1.0,0.0,0,3.0,0,0.7480956379986334,0.7480956379986334,0.25190436200136657
751,752,450.2,1.0,0.0,1.0,1.0,1.0,0.0,1.0,0.0,0,3.0,0,0.8011027859820579,0.8011027859820579,0.19889721401794214
752,753,349.7,1.0,0.0,1.0,1.0,1.0,0.0,1.0,0.0,0,3.0,0,0.8429558685296428,0.8429558685296428,0.15704413147035723
753,754,377.1,1.0,0.0,1.0,1.0,1.0,0.0,1.0,0.0,0,3.0,0,0.8760019875036859,0.8760019875036859,0.12399801249631415
754,755,300.5,1.0,0.0,1.0,1.0,1.0,0.0,1.0,0.0,0,3.0,0,0.9020943542488357,0.9020943542488357,0.09790564575116434
755,756,304.0,1.0,0.0,1.0,1.0,1.0,0.0,1.0,0.0,0,3.0,0,0.92269621684269,0.92269621684269,0.07730378315731001
756,757,503.2,1.0,1.0,0.0,1.0,0.0,0.0,1.0,0.0,0,3.0,0,0.9389629183834749,0.9389629183834749,0.0610370816165251
757,758,382.6,0.0,1.0,1.0,1.0,1.0,0.0,1.0,0.0,0,3.0,0,0.04819331189368903,0.951806688106311,-0.951806688106311
758,759,506.0,1.0,0.0,1.0,1.0,1.0,0.0,1.0,0.0,0,3.0,0,0.7515221135669046,0.7515221135669046,0.24847788643309543
759,760,353.5,1.0,0.0,1.0,1.0,1.0,0.0,1.0,0.0,0,3.0,0,0.8038082430809944,0.8038082430809944,0.1961917569190056
760,761,404.9,0.0,1.0,1.0,1.0,1.0,0.0,1.0,0.0,0,3.0,0,0.15490797203529105,0.845092027964709,-0.845092027964709
761,762,372.3,1.0,0.0,1.0,1.0,1.0,0.0,1.0,0.0,0,3.0,0,0.6672629589083559,0.6672629589083559,0.33273704109164415
762,763,375.8,1.0,1.0,0.0,1.0,0.0,0.0,1.0,0.0,0,3.0,0,0.7372793787773213,0.7372793787773213,0.2627206212226787
763,764,571.2,0.0,1.0,1.0,1.0,1.0,0.0,1.0,0.0,0,3.0,0,0.20743745448111917,0.7925625455188808,-0.7925625455188808
764,765,374.7,1.0,0.0,1.0,1.0,1.0,0.0,1.0,0.0,0,3.0,0,0.6257870288003138,0.6257870288003138,0.3742129711996862
765,766,454.2,0.0,1.0,1.0,1.0,1.0,0.0,1.0,0.0,0,3.0,0,0.29546895031770126,0.7045310496822987,-0.7045310496822987
766,767,433.6,0.0,0.0,0.0,1.0,0.0,0.0,1.0,0.0,0,3.0,0,0.44372037920413065,0.5562796207958693,-0.5562796207958693
767,768,341.0,1.0,0.0,1.0,1.0,1.0,0.0,1.0,0.0,0,3.0,0,0.43922410041734605,0.43922410041734605,0.560775899582654
768,769,416.5,1.0,1.0,0.0,1.0,0.0,0.0,1.0,0.0,0,3.0,0,0.5572257533405075,0.5572257533405075,0.4427742466594925
769,770,319.8,1.0,0.0,1.0,1.0,1.0,0.0,1.0,0.0,0,3.0,0,0.6503968275905105,0.6503968275905105,0.34960317240948946
770,771,395.3,1.0,0.0,1.0,1.0,1.0,0.0,1.0,0.0,0,3.0,0,0.7239623146990026,0.7239623146990026,0.27603768530099737
771,772,382.7,0.0,1.0,1.0,1.0,1.0,0.0,1.0,0.0,0,3.0,0,0.21795226622567176,0.7820477337743282,-0.7820477337743282
772,773,350.2,1.0,1.0,0.0,1.0,0.0,0.0,1.0,0.0,0,3.0,0,0.6174848035220422,0.6174848035220422,0.38251519647795784
773,774,385.6,1.0,1.0,0.0,1.0,0.0,0.0,1.0,0.0,0,3.0,0,0.6979758258470378,0.6979758258470378,0.30202417415296223
774,775,389.0,1.0,1.0,0.0,1.0,0.0,0.0,1.0,0.0,0,3.0,0,0.761529469645436,0.761529469645436,0.238470530354564
775,776,440.5,1.0,1.0,0.0,1.0,0.0,0.0,1.0,0.0,0,3.0,0,0.8117097943994849,0.8117097943994849,0.18829020560051513
776,777,507.9,1.0,0.0,1.0,1.0,1.0,0.0,1.0,0.0,0,3.0,0,0.8513308899327244,0.8513308899327244,0.14866911006727557
777,778,659.3,1.0,1.0,0.0,1.0,0.0,0.0,1.0,0.0,0,3.0,0,0.8826146892893125,0.8826146892893125,0.11738531071068747
778,779,370.8,1.0,0.0,1.0,1.0,1.0,0.0,1.0,0.0,0,3.0,0,0.9073155737300826,0.9073155737300826,0.09268442626991735
779,780,398.3,1.0,0.0,1.0,1.0,1.0,0.0,1.0,0.0,0,3.0,0,0.9268187576369245,0.9268187576369245,0.07318124236307555
780,781,361.7,1.0,1.0,0.0,1.0,0.0,0.0,1.0,0.0,0,3.0,0,0.9422179707062454,0.9422179707062454,0.057782029293754644
781,782,381.1,1.0,0.0,1.0,1.0,1.0,0.0,1.0,0.0,0,3.0,0,0.9543767938136436,0.9543767938136436,0.0456232061863564
782,783,412.6,1.0,0.0,1.0,1.0,1.0,0.0,1.0,0.0,0,3.0,0,0.9639770882372287,0.9639770882372287,0.03602291176277128
783,784,332.0,1.0,0.0,1.0,1.0,1.0,0.0,1.0,0.0,0,3.0,0,0.9715572341284407,0.9715572341284407,0.02844276587155925
784,785,375.4,0.0,0.0,0.0,1.0,0.0,0.0,1.0,0.0,0,3.0,0,0.02245767737355442,0.9775423226264456,-0.9775423226264456
785,786,418.8,1.0,1.0,0.0,1.0,0.0,0.0,1.0,0.0,0,3.0,0,0.3730448782548925,0.3730448782548925,0.6269551217451075
786,787,382.3,1.0,1.0,0.0,1.0,0.0,0.0,1.0,0.0,0,3.0,0,0.504972339348752,0.504972339348752,0.49502766065124804
787,788,345.8,1.0,1.0,0.0,1.0,0.0,0.0,1.0,0.0,0,3.0,0,0.609138874042926,0.609138874042926,0.390861125957074
788,789,289.2,0.0,1.0,1.0,1.0,1.0,0.0,1.0,0.0,0,3.0,0,0.3086139057026581,0.6913860942973419,-0.6913860942973419
789,790,340.6,1.0,1.0,0.0,1.0,0.0,0.0,1.0,0.0,0,3.0,0,0.5459007016549461,0.5459007016549461,0.4540992983450539
790,791,420.1,1.0,1.0,0.0,1.0,0.0,0.0,1.0,0.0,0,3.0,0,0.6414548576660075,0.6414548576660075,0.3585451423339925
791,792,463.5,0.0,1.0,1.0,1.0,1.0,0.0,1.0,0.0,0,3.0,0,0.2830980350769423,0.7169019649230577,-0.7169019649230577
792,793,462.7,1.0,1.0,0.0,1.0,0.0,0.0,1.0,0.0,0,3.0,0,0.5660473777203235,0.5660473777203235,0.43395262227967646
793,794,382.1,1.0,1.0,0.0,1.0,0.0,0.0,1.0,0.0,0,3.0,0,0.6573621556154721,0.6573621556154721,0.34263784438452793
794,795,497.6,0.0,0.0,0.0,1.0,0.0,0.0,1.0,0.0,0,3.0,0,0.27053804119845337,0.7294619588015466,-0.7294619588015466
795,796,345.0,1.0,1.0,0.0,1.0,0.0,0.0,1.0,0.0,0,3.0,0,0.5759644262806034,0.5759644262806034,0.4240355737193966
796,797,380.4,1.0,1.0,0.0,1.0,0.0,0.0,1.0,0.0,0,3.0,0,0.6651924024371195,0.6651924024371195,0.3348075975628805
797,798,343.9,1.0,0.0,1.0,1.0,1.0,0.0,1.0,0.0,0,3.0,0,0.7356445205703265,0.7356445205703265,0.2643554794296735
798,799,435.3,1.0,1.0,0.0,1.0,0.0,0.0,1.0,0.0,0,3.0,0,0.7912717034703264,0.7912717034703264,0.20872829652967362
799,800,398.7,1.0,0.0,1.0,1.0,1.0,0.0,1.0,0.0,0,3.0,0,0.8351934982918725,0.8351934982918725,0.1648065017081275
800,801,370.1,0.0,1.0,1.0,1.0,1.0,0.0,1.0,0.0,0,3.0,0,0.1301269806578893,0.8698730193421107,-0.8698730193421107
801,802,393.6,1.0,1.0,0.0,1.0,0.0,0.0,1.0,0.0,0,3.0,0,0.686829393194798,0.686829393194798,0.31317060680520203
802,803,341.1,1.0,1.0,0.0,1.0,0.0,0.0,1.0,0.0,0,3.0,0,0.752728532721775,0.752728532721775,0.24727146727822502
803,804,408.4,1.0,0.0,1.0,1.0,1.0,0.0,1.0,0.0,0,3.0,0,0.8047608006585416,0.8047608006585416,0.1952391993414584
804,805,407.9,1.0,1.0,0.0,1.0,0.0,0.0,1.0,0.0,0,3.0,0,0.8458441429612916,0.8458441429612916,0.15415585703870838
805,806,395.4,0.0,1.0,1.0,1.0,1.0,0.0,1.0,0.0,0,3.0,0,0.1217175051910413,0.8782824948089587,-0.8782824948089587
806,807,358.7,1.0,1.0,0.0,1.0,0.0,0.0,1.0,0.0,0,3.0,0,0.6934692990242144,0.6934692990242144,0.3065307009757856
807,808,450.2,0.0,1.0,1.0,1.0,1.0,0.0,1.0,0.0,0,3.0,0,0.24202876818274355,0.7579712318172565,-0.7579712318172565
808,809,409.7,1.0,0.0,1.0,1.0,1.0,0.0,1.0,0.0,0,3.0,0,0.5984746159869285,0.5984746159869285,0.4015253840130715
809,810,573.1,0.0,0.0,0.0,1.0,0.0,0.0,1.0,0.0,0,3.0,0,0.31703412994988567,0.6829658700501143,-0.6829658700501143
810,811,448.5,0.0,0.0,0.0,1.0,0.0,0.0,1.0,0.0,0,3.0,0,0.4607476911353733,0.5392523088646267,-0.5392523088646267
811,812,396.0,1.0,1.0,0.0,0.0,1.0,0.0,1.0,0.0,1,3.0,0,0.574220227733352,0.425779772266648,-0.425779772266648
812,813,543.4,0.0,0.0,0.0,1.0,0.0,0.0,1.0,0.0,0,3.0,1,0.6638152280643289,0.3361847719356711,-0.3361847719356711
813,814,398.9,1.0,1.0,0.0,1.0,0.0,0.0,1.0,0.0,0,3.0,0,0.2654428609414056,0.2654428609414056,0.7345571390585943
814,815,410.3,1.0,0.0,1.0,1.0,1.0,0.0,1.0,0.0,0,3.0,0,0.420012550259245,0.420012550259245,0.579987449740755
815,816,741.7,1.0,0.0,1.0,1.0,1.0,0.0,1.0,0.0,2,3.0,0,0.542056806788516,0.542056806788516,0.457943193211484
816,817,421.1,1.0,1.0,0.0,1.0,0.0,0.0,1.0,0.0,0,3.0,0,0.6384198170107501,0.6384198170107501,0.3615801829892499
817,818,508.6,1.0,0.0,1.0,1.0,1.0,0.0,1.0,0.0,0,3.0,0,0.714505574777346,0.714505574777346,0.285494425222654
818,819,404.0,0.0,0.0,0.0,1.0,0.0,0.0,1.0,0.0,0,3.0,0,0.2254190651693897,0.7745809348306103,-0.7745809348306103
819,820,587.5,1.0,1.0,0.0,1.0,0.0,0.0,1.0,0.0,0,3.0,0,0.6115892108624377,0.6115892108624377,0.38841078913756233
820,821,442.9,1.0,0.0,1.0,0.0,0.0,0.0,1.0,0.0,1,3.0,0,0.3066791826874059,0.6933208173125941,-0.6933208173125941
821,822,298.3,1.0,0.0,1.0,1.0,1.0,0.0,1.0,0.0,0,3.0,1,0.5474283092540077,0.5474283092540077,0.45257169074599235
822,823,369.8,1.0,1.0,0.0,1.0,0.0,0.0,1.0,0.0,0,3.0,0,0.642661017389293,0.642661017389293,0.35733898261070696
823,824,509.2,1.0,1.0,0.0,1.0,0.0,0.0,1.0,0.0,0,3.0,0,0.7178543176600891,0.7178543176600891,0.2821456823399109
824,825,416.7,1.0,1.0,0.0,1.0,0.0,0.0,1.0,0.0,0,3.0,0,0.7772250161976348,0.7772250161976348,0.22277498380236516
825,826,364.1,1.0,1.0,0.0,1.0,0.0,0.0,1.0,0.0,0,3.0,0,0.8241025948135736,0.8241025948135736,0.17589740518642638
826,827,431.5,1.0,0.0,1.0,1.0,1.0,0.0,1.0,0.0,0,3.0,0,0.8611159268279144,0.8611159268279144,0.13888407317208562
827,828,459.0,1.0,1.0,0.0,1.0,0.0,0.0,1.0,0.0,0,3.0,0,0.8903407030909533,0.8903407030909533,0.10965929690904674
828,829,450.1,0.0,0.0,0.0,1.0,0.0,0.0,1.0,0.0,0,3.0,0,0.08658416421648707,0.9134158357835129,-0.9134158357835129
829,830,425.6,1.0,0.0,1.0,1.0,1.0,0.0,1.0,0.0,0,3.0,0,0.7212096826502167,0.7212096826502167,0.2787903173497833
830,831,357.0,1.0,0.0,1.0,1.0,1.0,0.0,1.0,0.0,0,3.0,0,0.7798743262105599,0.7798743262105599,0.22012567378944015
831,832,400.5,1.0,1.0,0.0,1.0,0.0,0.0,1.0,0.0,0,3.0,0,0.8261944219516751,0.8261944219516751,0.17380557804832486
832,833,507.8,0.0,1.0,1.0,1.0,1.0,0.0,1.0,0.0,0,3.0,0,0.13723242019287574,0.8627675798071243,-0.8627675798071243
833,834,651.3,0.0,0.0,0.0,1.0,0.0,0.0,1.0,0.0,0,3.0,0,0.3187808793572672,0.6812191206427328,-0.6812191206427328
834,835,354.8,1.0,0.0,1.0,1.0,1.0,0.0,1.0,0.0,0,3.0,0,0.5378731203981968,0.5378731203981968,0.4621268796018032
835,836,386.2,1.0,1.0,0.0,1.0,0.0,0.0,1.0,0.0,0,3.0,0,0.6351164856958491,0.6351164856958491,0.3648835143041509
836,837,357.6,0.0,1.0,1.0,1.0,1.0,0.0,1.0,0.0,0,3.0,0,0.2881026507821165,0.7118973492178835,-0.7118973492178835
837,838,341.1,0.0,0.0,0.0,1.0,0.0,0.0,1.0,0.0,0,3.0,0,0.43790413829583885,0.5620958617041611,-0.5620958617041611
838,839,500.5,1.0,0.0,1.0,1.0,1.0,0.0,1.0,0.0,0,3.0,0,0.4438164548471203,0.4438164548471203,0.5561835451528797
839,840,387.9,1.0,0.0,1.0,1.0,1.0,0.0,1.0,0.0,0,3.0,0,0.5608517584426347,0.5608517584426347,0.4391482415573653
840,841,367.4,1.0,1.0,0.0,1.0,0.0,0.0,1.0,0.0,0,3.0,0,0.6532598280844204,0.6532598280844204,0.3467401719155796
841,842,530.8,1.0,1.0,0.0,1.0,0.0,0.0,1.0,0.0,0,3.0,0,0.7262228663522033,0.7262228663522033,0.27377713364779666
842,843,486.3,1.0,1.0,0.0,1.0,0.0,0.0,1.0,0.0,0,3.0,0,0.7838326072969346,0.7838326072969346,0.2161673927030654
843,844,441.8,1.0,1.0,0.0,1.0,0.0,0.0,1.0,0.0,0,3.0,0,0.8293197790281659,0.8293197790281659,0.1706802209718341
844,845,437.1,1.0,0.0,1.0,1.0,1.0,0.0,1.0,0.0,0,3.0,0,0.865235281479245,0.865235281479245,0.134764718520755
845,846,352.6,1.0,0.0,1.0,1.0,1.0,0.0,1.0,0.0,0,3.0,0,0.8935932397171236,0.8935932397171236,0.10640676028287643
846,847,528.0,1.0,0.0,1.0,1.0,1.0,0.0,1.0,0.0,0,3.0,0,0.9159839551614262,0.9159839551614262,0.08401604483857383
847,848,679.5,0.0,0.0,0.0,1.0,0.0,0.0,1.0,0.0,0,3.0,0,0.06633691103414951,0.9336630889658505,-0.9336630889658505
848,849,534.9,0.0,0.0,0.0,1.0,0.0,0.0,1.0,0.0,0,3.0,0,0.2628036062921122,0.7371963937078878,-0.7371963937078878
849,850,422.3,1.0,0.0,1.0,1.0,1.0,0.0,1.0,0.0,0,3.0,0,0.5820713374220072,0.5820713374220072,0.41792866257799277
850,851,665.8,0.0,1.0,1.0,1.0,1.0,0.0,1.0,0.0,0,3.0,0,0.3299857373829692,0.6700142626170308,-0.6700142626170308
851,852,393.3,1.0,0.0,1.0,1.0,1.0,0.0,1.0,0.0,0,3.0,0,0.5290260523003183,0.5290260523003183,0.4709739476996817
852,853,364.6,1.0,0.0,1.0,1.0,1.0,0.0,1.0,0.0,0,3.0,0,0.6281310679646329,0.6281310679646329,0.3718689320353671
853,854,372.1,1.0,1.0,0.0,1.0,0.0,0.0,1.0,0.0,0,3.0,0,0.7063818427992893,0.7063818427992893,0.2936181572007107
854,855,447.6,0.0,1.0,1.0,1.0,1.0,0.0,1.0,0.0,0,3.0,0,0.23183335527944027,0.7681666447205597,-0.7681666447205597
855,856,618.9,0.0,0.0,0.0,1.0,0.0,0.0,1.0,0.0,0,3.0,0,0.39347534785602145,0.6065246521439785,-0.6065246521439785
856,857,814.4,1.0,1.0,0.0,1.0,0.0,0.0,1.0,0.0,2,3.0,0,0.47889628661525274,0.47889628661525274,0.5211037133847473
857,858,345.8,1.0,0.0,1.0,1.0,1.0,0.0,1.0,0.0,0,3.0,0,0.588549892573642,0.588549892573642,0.411450107426358
858,859,429.3,1.0,1.0,0.0,1.0,0.0,0.0,1.0,0.0,0,3.0,0,0.6751295633616632,0.6751295633616632,0.3248704366383368
859,860,332.8,0.0,0.0,0.0,0.0,1.0,0.0,1.0,0.0,1,3.0,0,0.7434906475982062,0.7434906475982062,0.25650935240179384
860,861,436.1,1.0,1.0,0.0,1.0,0.0,0.0,1.0,0.0,0,3.0,1,0.7974668038420607,0.7974668038420607,0.2025331961579393
861,862,351.6,1.0,0.0,1.0,1.0,1.0,0.0,1.0,0.0,0,3.0,0,0.8400849904228932,0.8400849904228932,0.1599150095771068
862,863,403.1,0.0,1.0,1.0,1.0,1.0,0.0,1.0,0.0,0,3.0,0,0.12626478411027486,0.8737352158897251,-0.8737352158897251
863,864,358.4,1.0,1.0,0.0,1.0,0.0,0.0,1.0,0.0,0,3.0,0,0.6898788843874358,0.6898788843874358,0.31012111561256417
864,865,604.4,1.0,0.0,1.0,1.0,1.0,0.0,0.0,1.0,0,1.0,0,0.7551363326406371,0.7551363326406371,0.24486366735936294
865,866,531.9,0.0,0.0,0.0,1.0,0.0,0.0,0.0,1.0,0,1.0,0,0.19333806237038953,0.8066619376296105,-0.8066619376296105
866,867,379.3,0.0,1.0,1.0,1.0,1.0,0.0,0.0,1.0,0,1.0,0,0.3630804533350076,0.6369195466649924,-0.6369195466649924
867,868,462.8,0.0,0.0,0.0,1.0,0.0,0.0,0.0,1.0,0,1.0,0,0.4971046853704326,0.5028953146295674,-0.5028953146295674
868,869,410.2,1.0,0.0,1.0,1.0,1.0,0.0,0.0,1.0,0,1.0,0,0.3970732234559511,0.3970732234559511,0.6029267765440489
869,870,389.6,0.0,0.0,0.0,1.0,0.0,0.0,0.0,1.0,0,1.0,0,0.47605549645376577,0.5239445035462342,-0.5239445035462342
870,871,425.1,0.0,1.0,1.0,1.0,1.0,0.0,0.0,1.0,0,1.0,0,0.5863068776284451,0.41369312237155487,-0.41369312237155487
871,872,316.5,0.0,0.0,0.0,1.0,0.0,0.0,0.0,1.0,0,1.0,0,0.6733585363732626,0.32664146362673746,-0.32664146362673746
872,873,435.9,1.0,0.0,1.0,1.0,1.0,0.0,0.0,1.0,0,1.0,0,0.25790770982262157,0.25790770982262157,0.7420922901773784
873,874,407.4,1.0,0.0,1.0,1.0,1.0,0.0,0.0,1.0,0,1.0,0,0.41406298847784884,0.41406298847784884,0.5859370115221512
874,875,410.9,1.0,0.0,1.0,1.0,1.0,0.0,0.0,1.0,0,1.0,0,0.5373591856217143,0.5373591856217143,0.46264081437828575
875,876,358.3,0.0,0.0,0.0,1.0,0.0,0.0,0.0,1.0,0,1.0,0,0.365289304003135,0.634710695996865,-0.634710695996865
876,877,397.7,0.0,1.0,1.0,0.0,0.0,0.0,0.0,1.0,1,1.0,0,0.501151262876824,0.501151262876824,0.498848737123176
877,878,317.1,1.0,0.0,1.0,1.0,1.0,0.0,0.0,1.0,0,1.0,1,0.6061218502058721,0.6061218502058721,0.39387814979412794
878,879,332.6,1.0,0.0,1.0,1.0,1.0,0.0,0.0,1.0,0,1.0,0,0.6890039297685177,0.6890039297685177,0.31099607023148235
879,880,380.1,0.0,0.0,0.0,1.0,0.0,0.0,0.0,1.0,0,1.0,0,0.24555450905306098,0.754445490946939,-0.754445490946939
880,881,575.5,1.0,1.0,0.0,1.0,0.0,0.0,0.0,1.0,0,1.0,0,0.5956907815551472,0.5956907815551472,0.4043092184448528
881,882,482.9,0.0,0.0,0.0,1.0,0.0,0.0,0.0,1.0,0,1.0,0,0.3192321741138272,0.6807678258861728,-0.6807678258861728
882,883,382.4,0.0,1.0,1.0,1.0,1.0,0.0,0.0,1.0,0,1.0,0,0.46248321034997897,0.537516789650021,-0.537516789650021
883,884,377.8,0.0,1.0,1.0,1.0,1.0,0.0,0.0,1.0,0,1.0,0,0.5755905491280161,0.4244094508719839,-0.4244094508719839
884,885,377.2,0.0,0.0,0.0,1.0,0.0,0.0,0.0,1.0,0,1.0,0,0.6648971986405525,0.3351028013594475,-0.3351028013594475
885,886,612.7,1.0,1.0,0.0,1.0,0.0,0.0,0.0,1.0,0,1.0,0,0.2645885647650691,0.2645885647650691,0.7354114352349309
886,887,416.1,0.0,1.0,1.0,1.0,1.0,0.0,0.0,1.0,0,1.0,0,0.5806619800588072,0.4193380199411928,-0.4193380199411928
887,888,351.5,0.0,0.0,0.0,1.0,0.0,0.0,0.0,1.0,0,1.0,0,0.6689014702426985,0.3310985297573015,-0.3310985297573015
888,889,391.0,0.0,1.0,1.0,1.0,1.0,0.0,0.0,1.0,0,1.0,0,0.7385731052413982,0.26142689475860176,-0.26142689475860176
889,890,618.4,0.0,1.0,1.0,1.0,1.0,0.0,0.0,1.0,0,1.0,0,0.7935840387052704,0.20641596129472967,-0.20641596129472967
890,891,389.9,0.0,1.0,1.0,1.0,1.0,0.0,0.0,1.0,0,1.0,0,0.8370192588005507,0.16298074119944927,-0.16298074119944927
891,892,333.2,0.0,0.0,0.0,1.0,0.0,0.0,0.0,1.0,0,1.0,0,0.8713145929447071,0.12868540705529286,-0.12868540705529286
892,893,736.7,1.0,1.0,0.0,1.0,0.0,0.0,0.0,1.0,2,1.0,0,0.101606692098185,0.101606692098185,0.898393307901815
893,894,372.2,1.0,1.0,0.0,1.0,0.0,0.0,0.0,1.0,0,1.0,0,0.29065171950827545,0.29065171950827545,0.7093482804917246
894,895,527.6,1.0,0.0,1.0,1.0,1.0,0.0,0.0,1.0,0,1.0,0,0.43991681748862926,0.43991681748862926,0.5600831825113708
895,896,347.0,0.0,0.0,0.0,1.0,0.0,0.0,0.0,1.0,0,1.0,0,0.44222729505259584,0.5577727049474042,-0.5577727049474042
896,897,410.4,1.0,0.0,1.0,1.0,1.0,0.0,0.0,1.0,0,1.0,0,0.44040300131320675,0.44040300131320675,0.5595969986867932
897,898,437.9,1.0,1.0,0.0,1.0,0.0,0.0,0.0,1.0,0,1.0,0,0.5581565832075532,0.5581565832075532,0.44184341679244676
898,899,433.3,1.0,1.0,0.0,1.0,0.0,0.0,0.0,1.0,0,1.0,0,0.6511317869449623,0.6511317869449623,0.3488682130550377
899,900,364.8,1.0,1.0,0.0,1.0,0.0,0.0,0.0,1.0,0,1.0,0,0.7245426197276869,0.7245426197276869,0.27545738027231315
900,901,652.0,0.0,1.0,1.0,1.0,1.0,0.0,0.0,1.0,0,1.0,0,0.2174940722802836,0.7825059277197164,-0.7825059277197164
901,902,423.3,0.0,1.0,1.0,1.0,1.0,0.0,0.0,1.0,0,1.0,0,0.3821534183074906,0.6178465816925094,-0.6178465816925094
902,903,402.8,0.0,1.0,1.0,1.0,1.0,0.0,0.0,1.0,0,1.0,0,0.5121642086194508,0.4878357913805492,-0.4878357913805492
903,904,398.3,0.0,1.0,1.0,1.0,1.0,0.0,0.0,1.0,0,1.0,0,0.6148173892943429,0.385182610705657,-0.385182610705657
904,905,341.7,0.0,1.0,1.0,1.0,1.0,0.0,0.0,1.0,0,1.0,0,0.6958697040859612,0.3041302959140388,-0.3041302959140388
905,906,449.1,0.0,1.0,1.0,1.0,1.0,0.0,0.0,1.0,0,1.0,0,0.7598665299990855,0.24013347000091445,-0.24013347000091445
906,907,516.5,0.0,1.0,1.0,1.0,1.0,0.0,0.0,1.0,0,1.0,0,0.8103967799676932,0.1896032200323068,-0.1896032200323068
907,908,380.0,0.0,0.0,0.0,1.0,0.0,0.0,0.0,1.0,0,1.0,0,0.8502941674624431,0.14970583253755693,-0.14970583253755693
908,909,287.4,0.0,1.0,1.0,1.0,1.0,0.0,0.0,1.0,0,1.0,0,0.8817961198552206,0.11820388014477945,-0.11820388014477945
909,910,370.8,0.0,1.0,1.0,1.0,1.0,0.0,0.0,1.0,0,1.0,0,0.9066692523300576,0.09333074766994244,-0.09333074766994244
910,911,402.3,0.0,0.0,0.0,1.0,0.0,0.0,0.0,1.0,0,1.0,0,0.9263084388603704,0.07369156113962963,-0.07369156113962963
911,912,341.8,0.0,0.0,0.0,1.0,0.0,0.0,0.0,1.0,0,1.0,0,0.941815036107927,0.058184963892072936,-0.058184963892072936
912,913,401.1,0.0,0.0,0.0,1.0,0.0,0.0,0.0,1.0,0,1.0,0,0.9540586470042742,0.04594135299572576,-0.04594135299572576
913,914,504.6,0.0,1.0,1.0,1.0,1.0,0.0,0.0,1.0,0,1.0,0,0.9637258876882207,0.03627411231177935,-0.03627411231177935
914,915,372.1,0.0,1.0,1.0,1.0,1.0,0.0,0.0,1.0,0,1.0,0,0.9713588926270847,0.028641107372915232,-0.028641107372915232
915,916,367.5,1.0,1.0,0.0,1.0,0.0,0.0,0.0,1.0,0,1.0,0,0.022614282728580452,0.022614282728580452,0.9773857172714195
916,917,386.9,0.0,0.0,0.0,1.0,0.0,0.0,0.0,1.0,0,1.0,0,0.3729851152919522,0.6270148847080478,-0.6270148847080478
917,918,342.4,1.0,0.0,1.0,1.0,1.0,0.0,0.0,1.0,0,1.0,0,0.49507484795176093,0.49507484795176093,0.5049251520482391
918,919,437.8,0.0,0.0,0.0,1.0,0.0,0.0,0.0,1.0,0,1.0,0,0.3986759309449186,0.6013240690550814,-0.6013240690550814
919,920,313.2,0.0,1.0,1.0,1.0,1.0,0.0,0.0,1.0,0,1.0,0,0.5252099602136325,0.47479003978636747,-0.47479003978636747
920,921,308.7,0.0,1.0,1.0,1.0,1.0,0.0,0.0,1.0,0,1.0,0,0.6251179796701413,0.37488202032985873,-0.37488202032985873
921,922,396.1,0.0,1.0,1.0,1.0,1.0,0.0,0.0,1.0,0,1.0,0,0.7040027856737869,0.295997214326213,-0.295997214326213
922,923,295.5,0.0,0.0,0.0,1.0,0.0,0.0,0.0,1.0,0,1.0,0,0.7662882023208629,0.23371179767913705,-0.23371179767913705
923,924,570.9,1.0,1.0,0.0,1.0,0.0,0.0,0.0,1.0,0,1.0,0,0.18453283250908192,0.18453283250908192,0.8154671674909181
924,925,338.4,1.0,0.0,1.0,1.0,1.0,0.0,0.0,1.0,0,1.0,0,0.3561280700007636,0.3561280700007636,0.6438719299992364
925,926,277.9,0.0,1.0,1.0,1.0,1.0,0.0,0.0,1.0,0,1.0,0,0.5083847379368082,0.49161526206319184,-0.49161526206319184
926,927,389.3,1.0,1.0,0.0,1.0,0.0,0.0,0.0,1.0,0,1.0,0,0.38816678368014496,0.38816678368014496,0.611833216319855
927,928,348.7,0.0,0.0,0.0,1.0,0.0,0.0,0.0,1.0,0,1.0,0,0.48308779253689915,0.5169122074631008,-0.5169122074631008
928,929,344.2,0.0,1.0,1.0,1.0,1.0,0.0,0.0,1.0,0,1.0,0,0.5918593979896325,0.40814060201036745,-0.40814060201036745
929,930,299.6,1.0,0.0,1.0,1.0,1.0,0.0,0.0,1.0,0,1.0,0,0.32225733616723723,0.32225733616723723,0.6777426638327628
930,931,343.1,0.0,0.0,0.0,1.0,0.0,0.0,0.0,1.0,0,1.0,0,0.5351281993945938,0.46487180060540617,-0.46487180060540617
931,932,330.5,0.0,0.0,0.0,1.0,0.0,0.0,0.0,1.0,0,1.0,0,0.6329491665752973,0.3670508334247027,-0.3670508334247027
932,933,397.9,0.0,1.0,1.0,1.0,1.0,0.0,0.0,1.0,0,1.0,0,0.710186089708359,0.28981391029164105,-0.28981391029164105
933,934,317.4,0.0,0.0,0.0,1.0,0.0,0.0,0.0,1.0,0,1.0,0,0.7711703803670518,0.22882961963294826,-0.22882961963294826
934,935,648.9,0.0,1.0,1.0,1.0,1.0,0.0,0.0,1.0,0,1.0,0,0.8193220098763836,0.18067799012361643,-0.18067799012361643
935,936,420.2,1.0,1.0,0.0,1.0,0.0,0.0,0.0,1.0,0,1.0,0,0.1426587002481268,0.1426587002481268,0.8573412997518732
936,937,423.5,0.0,1.0,1.0,1.0,1.0,0.0,0.0,1.0,0,1.0,0,0.6769346692862902,0.3230653307137098,-0.3230653307137098
937,938,386.9,0.0,0.0,0.0,1.0,0.0,0.0,0.0,1.0,0,1.0,0,0.7449159128717533,0.2550840871282467,-0.2550840871282467
938,939,446.3,0.0,0.0,0.0,1.0,0.0,0.0,0.0,1.0,0,1.0,0,0.7985921566938049,0.2014078433061951,-0.2014078433061951
939,940,409.7,0.0,1.0,1.0,1.0,1.0,0.0,0.0,1.0,0,1.0,0,0.8409735401296976,0.1590264598703024,-0.1590264598703024
940,941,337.2,1.0,0.0,1.0,1.0,1.0,0.0,0.0,1.0,0,1.0,0,0.12556320808437463,0.12556320808437463,0.8744367919156254
941,942,328.7,0.0,1.0,1.0,1.0,1.0,0.0,0.0,1.0,0,1.0,0,0.6904328307973537,0.3095671692026462,-0.3095671692026462
942,943,300.0,0.0,1.0,1.0,1.0,1.0,0.0,0.0,1.0,0,1.0,0,0.7555737144976743,0.2444262855023257,-0.2444262855023257
943,944,455.5,0.0,1.0,1.0,1.0,1.0,0.0,0.0,1.0,0,1.0,0,0.8070072831096788,0.19299271689032113,-0.19299271689032113
944,945,770.9,0.0,0.0,0.0,1.0,0.0,0.0,0.0,1.0,2,1.0,0,0.8476179078033191,0.1523820921966809,-0.1523820921966809
945,946,310.4,0.0,1.0,1.0,1.0,1.0,0.0,0.0,1.0,0,1.0,0,0.8796830139686878,0.12031698603131219,-0.12031698603131219
946,947,385.8,0.0,0.0,0.0,1.0,0.0,0.0,0.0,1.0,0,1.0,0,0.9050007981976357,0.09499920180236432,-0.09499920180236432
947,948,349.2,1.0,0.0,1.0,1.0,1.0,0.0,0.0,1.0,0,1.0,0,0.07500892966798259,0.07500892966798259,0.9249910703320174
948,949,376.7,0.0,1.0,1.0,1.0,1.0,0.0,0.0,1.0,0,1.0,0,0.7303491905372983,0.2696508094627017,-0.2696508094627017
949,950,412.1,1.0,1.0,0.0,1.0,0.0,0.0,0.0,1.0,0,1.0,0,0.21290935311204878,0.21290935311204878,0.7870906468879513
950,951,359.5,1.0,1.0,0.0,1.0,0.0,0.0,0.0,1.0,0,1.0,0,0.3785334418117615,0.3785334418117615,0.6214665581882385
951,952,311.0,1.0,1.0,0.0,1.0,0.0,0.0,0.0,1.0,0,1.0,0,0.5093059681583069,0.5093059681583069,0.49069403184169313
952,953,410.4,0.0,1.0,1.0,1.0,1.0,0.0,0.0,1.0,0,1.0,0,0.38743940395924825,0.6125605960407517,-0.6125605960407517
953,954,445.9,0.0,1.0,1.0,1.0,1.0,0.0,0.0,1.0,0,1.0,0,0.5163378871183872,0.48366211288161276,-0.48366211288161276
954,955,377.3,0.0,0.0,0.0,1.0,0.0,0.0,0.0,1.0,0,1.0,0,0.618112818635263,0.381887181364737,-0.381887181364737
955,956,276.7,0.0,0.0,0.0,1.0,0.0,0.0,0.0,1.0,0,1.0,0,0.6984716904497321,0.3015283095502678,-0.3015283095502678
956,957,416.2,0.0,0.0,0.0,0.0,1.0,0.0,0.0,1.0,1,1.0,0,0.23807900840066668,0.23807900840066668,0.7619209915993334
957,958,531.7,0.0,0.0,0.0,1.0,0.0,0.0,0.0,1.0,0,1.0,1,0.6015932448604172,0.3984067551395828,-0.3984067551395828
958,959,419.1,0.0,0.0,0.0,1.0,0.0,0.0,0.0,1.0,0,1.0,0,0.68542825930596,0.31457174069404004,-0.31457174069404004
959,960,330.5,0.0,0.0,0.0,1.0,0.0,0.0,0.0,1.0,0,1.0,0,0.7516222333915772,0.24837776660842284,-0.24837776660842284
960,961,598.0,1.0,0.0,1.0,1.0,1.0,0.0,0.0,1.0,0,1.0,0,0.19611270487704363,0.19611270487704363,0.8038872951229563
961,962,325.4,0.0,0.0,0.0,1.0,0.0,0.0,0.0,1.0,0,1.0,0,0.6347287602090347,0.3652712397909653,-0.3652712397909653
962,963,408.8,0.0,0.0,0.0,1.0,0.0,0.0,0.0,1.0,0,1.0,0,0.7115912111323084,0.2884087888676916,-0.2884087888676916
963,964,516.3,1.0,1.0,0.0,1.0,0.0,0.0,0.0,1.0,0,1.0,0,0.22772017184744722,0.22772017184744722,0.7722798281525528
964,965,407.7,0.0,1.0,1.0,1.0,1.0,0.0,0.0,1.0,0,1.0,0,0.6097723161338691,0.390227683866131,-0.390227683866131
965,966,339.2,0.0,0.0,0.0,1.0,0.0,0.0,0.0,1.0,0,1.0,0,0.6918862439022526,0.3081137560977474,-0.3081137560977474
966,967,438.5,0.0,1.0,1.0,1.0,1.0,0.0,0.0,1.0,0,1.0,0,0.7567212921540707,0.24327870784592937,-0.24327870784592937
967,968,350.0,0.0,0.0,0.0,1.0,0.0,0.0,0.0,1.0,0,1.0,0,0.8079133809513876,0.19208661904861232,-0.19208661904861232
968,969,449.5,0.0,1.0,1.0,1.0,1.0,0.0,0.0,1.0,0,1.0,0,0.8483333393858122,0.1516666606141878,-0.1516666606141878
969,970,384.9,0.0,0.0,0.0,1.0,0.0,0.0,0.0,1.0,0,1.0,0,0.8802479003702085,0.11975209962979147,-0.11975209962979147
970,971,452.3,0.0,1.0,1.0,1.0,1.0,0.0,0.0,1.0,0,1.0,0,0.9054468179910463,0.09455318200895367,-0.09455318200895367
971,972,383.7,1.0,0.0,1.0,1.0,1.0,0.0,0.0,1.0,0,1.0,0,0.07465676389522097,0.07465676389522097,0.9253432361047791
972,973,399.0,0.0,1.0,1.0,1.0,1.0,0.0,0.0,1.0,0,1.0,0,0.7306272515860164,0.2693727484139836,-0.2693727484139836
973,974,382.3,0.0,0.0,0.0,1.0,0.0,0.0,0.0,1.0,0,1.0,0,0.7873101967499605,0.21268980325003953,-0.21268980325003953
974,975,469.8,0.0,1.0,1.0,1.0,1.0,0.0,0.0,1.0,0,1.0,0,0.8320655943376335,0.16793440566236653,-0.16793440566236653
975,976,449.3,0.0,0.0,0.0,1.0,0.0,0.0,0.0,1.0,0,1.0,0,0.867403306720737,0.132596693279263,-0.132596693279263
976,977,352.6,0.0,1.0,1.0,1.0,1.0,0.0,0.0,1.0,0,1.0,0,0.8953050567616057,0.1046949432383943,-0.1046949432383943
977,978,388.1,0.0,0.0,0.0,1.0,0.0,0.0,0.0,1.0,0,1.0,0,0.9173355619313561,0.08266443806864389,-0.08266443806864389
978,979,407.6,0.0,0.0,0.0,1.0,0.0,0.0,0.0,1.0,0,1.0,0,0.9347302829550732,0.06526971704492673,-0.06526971704492673
979,980,295.0,0.0,0.0,0.0,1.0,0.0,0.0,0.0,1.0,0,1.0,0,0.9484647078882068,0.051535292111793175,-0.051535292111793175
980,981,318.4,0.0,0.0,0.0,1.0,0.0,0.0,0.0,1.0,0,1.0,0,0.9593090570437169,0.04069094295628309,-0.04069094295628309
981,982,377.8,0.0,0.0,0.0,1.0,0.0,0.0,0.0,1.0,0,1.0,0,0.9678714765974405,0.03212852340255945,-0.03212852340255945
982,983,341.3,0.0,0.0,0.0,1.0,0.0,0.0,0.0,1.0,0,1.0,0,0.9746321431494518,0.025367856850548157,-0.025367856850548157
983,984,312.8,0.0,0.0,0.0,1.0,0.0,0.0,0.0,1.0,0,1.0,0,0.9799701918097289,0.020029808190271135,-0.020029808190271135
984,985,468.1,1.0,1.0,0.0,1.0,0.0,0.0,0.0,1.0,0,1.0,0,0.01581502207705747,0.01581502207705747,0.9841849779229426
985,986,371.6,0.0,0.0,0.0,1.0,0.0,0.0,0.0,1.0,0,1.0,0,0.37557981559623765,0.6244201844037623,-0.6244201844037623
986,987,371.1,0.0,1.0,1.0,1.0,1.0,0.0,0.0,1.0,0,1.0,0,0.5069738607630611,0.49302613923693894,-0.49302613923693894
987,988,314.5,1.0,0.0,1.0,1.0,1.0,0.0,0.0,1.0,0,1.0,0,0.38928077605784855,0.38928077605784855,0.6107192239421515
988,989,345.9,0.0,1.0,1.0,1.0,1.0,0.0,0.0,1.0,0,1.0,0,0.48220821276860093,0.5177917872313991,-0.5177917872313991
989,990,573.4,0.0,0.0,0.0,1.0,0.0,0.0,0.0,1.0,0,1.0,0,0.5911649043967819,0.40883509560321807,-0.40883509560321807
990,991,592.8,0.0,1.0,1.0,1.0,1.0,0.0,0.0,1.0,0,1.0,0,0.677194309530067,0.32280569046993307,-0.32280569046993307
991,992,392.3,0.0,0.0,0.0,1.0,0.0,0.0,0.0,1.0,0,1.0,0,0.7451209181393232,0.25487908186067676,-0.25487908186067676
992,993,459.6,0.0,1.0,1.0,1.0,1.0,0.0,0.0,1.0,0,1.0,0,0.7987540235874733,0.20124597641252678,-0.20124597641252678
993,994,383.1,1.0,0.0,1.0,1.0,1.0,0.0,0.0,1.0,0,1.0,0,0.15889865392864824,0.15889865392864824,0.8411013460713518
994,995,342.6,0.0,0.0,0.0,1.0,0.0,0.0,0.0,1.0,0,1.0,0,0.6641120189868936,0.33588798101310635,-0.33588798101310635
995,996,353.9,0.0,1.0,1.0,1.0,1.0,0.0,0.0,1.0,0,1.0,0,0.7347914775479121,0.2652085224520879,-0.2652085224520879
996,997,397.4,1.0,1.0,0.0,1.0,0.0,0.0,0.0,1.0,0,1.0,0,0.2094018373895764,0.2094018373895764,0.7905981626104236
997,998,352.9,0.0,1.0,1.0,1.0,1.0,0.0,0.0,1.0,0,1.0,0,0.6242360025113983,0.3757639974886017,-0.3757639974886017
998,999,400.3,0.0,1.0,1.0,1.0,1.0,0.0,0.0,1.0,0,1.0,0,0.7033063991630187,0.29669360083698126,-0.29669360083698126
999,1000,319.8,0.0,1.0,1.0,1.0,1.0,0.0,0.0,1.0,0,1.0,0,0.7657383534187994,0.23426164658120063,-0.23426164658120063
1000,1001,375.1,0.0,1.0,1.0,1.0,1.0,0.0,0.0,1.0,0,1.0,0,0.8150330209208374,0.18496697907916265,-0.18496697907916265
1001,1002,290.6,0.0,1.0,1.0,1.0,1.0,0.0,0.0,1.0,0,1.0,0,0.8539548242361883,0.14604517576381176,-0.14604517576381176
1002,1003,414.1,0.0,0.0,0.0,1.0,0.0,0.0,0.0,1.0,0,1.0,0,0.8846864804190042,0.11531351958099584,-0.11531351958099584
1003,1004,385.5,0.0,0.0,0.0,1.0,0.0,0.0,0.0,1.0,0,1.0,0,0.9089514067916813,0.09104859320831875,-0.09104859320831875
1004,1005,320.9,0.0,0.0,0.0,1.0,0.0,0.0,0.0,1.0,0,1.0,0,0.9281103694056346,0.07188963059436536,-0.07188963059436536
1005,1006,424.4,0.0,0.0,0.0,1.0,0.0,0.0,0.0,1.0,0,1.0,0,0.9432377941834897,0.056762205816510314,-0.056762205816510314
1006,1007,447.8,1.0,1.0,0.0,1.0,0.0,0.0,0.0,1.0,0,1.0,0,0.044817979763112185,0.044817979763112185,0.9551820202368878
1007,1008,579.2,0.0,1.0,1.0,1.0,1.0,0.0,0.0,1.0,0,1.0,0,0.754187189121068,0.245812810878932,-0.245812810878932
1008,1009,553.6,1.0,0.0,1.0,1.0,1.0,0.0,0.0,1.0,0,2.0,0,0.19408748171448353,0.19408748171448353,0.8059125182855165
1009,1010,389.1,1.0,1.0,0.0,1.0,0.0,0.0,0.0,1.0,0,2.0,0,0.36367217560010534,0.36367217560010534,0.6363278243998947
1010,1011,416.4,0.0,1.0,1.0,1.0,1.0,0.0,0.0,1.0,0,2.0,0,0.5024281059275614,0.4975718940724386,-0.4975718940724386
1011,1012,459.9,1.0,0.0,1.0,1.0,1.0,0.0,0.0,1.0,0,2.0,0,0.39286998731725725,0.39286998731725725,0.6071300126827428
1012,1013,599.3,0.0,1.0,1.0,1.0,1.0,0.0,0.0,1.0,0,2.0,0,0.47937426374784375,0.5206257362521562,-0.5206257362521562
1013,1014,458.8,0.0,0.0,0.0,1.0,0.0,0.0,0.0,1.0,0,2.0,0,0.5889272910405892,0.41107270895941084,-0.41107270895941084
1014,1015,454.2,0.0,0.0,0.0,1.0,0.0,0.0,0.0,1.0,0,2.0,0,0.6754275474976029,0.3245724525023971,-0.3245724525023971
1015,1016,485.6,0.0,1.0,1.0,1.0,1.0,0.0,0.0,1.0,0,2.0,0,0.7437259282181568,0.25627407178184325,-0.25627407178184325
1016,1017,489.1,1.0,1.0,0.0,1.0,0.0,0.0,0.0,1.0,0,2.0,0,0.20234742462366023,0.20234742462366023,0.7976525753763397
1017,1018,412.5,0.0,0.0,0.0,1.0,0.0,0.0,0.0,1.0,0,2.0,0,0.6298059856372392,0.3701940143627608,-0.3701940143627608
1018,1019,447.9,0.0,1.0,1.0,1.0,1.0,0.0,0.0,1.0,0,2.0,0,0.7077043147729545,0.2922956852270456,-0.2922956852270456
1019,1020,383.4,0.0,0.0,0.0,1.0,0.0,0.0,0.0,1.0,0,2.0,0,0.7692108346229855,0.23078916537701458,-0.23078916537701458
1020,1021,462.8,0.0,0.0,0.0,1.0,0.0,0.0,0.0,1.0,0,2.0,0,0.8177748028882275,0.18222519711177249,-0.18222519711177249
1021,1022,362.2,0.0,1.0,1.0,1.0,1.0,0.0,0.0,1.0,0,2.0,0,0.8561196648543732,0.14388033514562676,-0.14388033514562676
1022,1023,297.7,0.0,0.0,0.0,1.0,0.0,0.0,0.0,1.0,0,2.0,0,0.8863957829667208,0.11360421703327916,-0.11360421703327916
1023,1024,501.1,1.0,0.0,1.0,1.0,1.0,0.0,0.0,1.0,0,2.0,0,0.08969897182044945,0.08969897182044945,0.9103010281795505
1024,1025,432.6,0.0,1.0,1.0,1.0,1.0,0.0,0.0,1.0,0,2.0,0,0.7187503105706389,0.2812496894293611,-0.2812496894293611
1025,1026,580.0,0.0,1.0,1.0,1.0,1.0,0.0,0.0,1.0,0,2.0,0,0.7779324691860321,0.22206753081396793,-0.22206753081396793
1026,1027,303.4,0.0,1.0,1.0,1.0,1.0,0.0,0.0,1.0,0,2.0,0,0.8246611815221281,0.1753388184778719,-0.1753388184778719
1027,1028,326.9,0.0,1.0,1.0,1.0,1.0,0.0,0.0,1.0,0,2.0,0,0.8615569725455678,0.1384430274544321,-0.1384430274544321
1028,1029,362.3,1.0,1.0,0.0,1.0,0.0,0.0,0.0,1.0,0,2.0,0,0.10931105853874273,0.10931105853874273,0.8906889414612573
1029,1030,377.8,0.0,0.0,0.0,0.0,1.0,0.0,0.0,1.0,1,2.0,0,0.2967348893614118,0.2967348893614118,0.7032651106385882
1030,1031,561.2,0.0,0.0,0.0,1.0,0.0,0.0,0.0,1.0,0,2.0,1,0.5552800678428753,0.4447199321571247,-0.4447199321571247
1031,1032,432.6,0.0,1.0,1.0,1.0,1.0,0.0,0.0,1.0,0,2.0,0,0.6488605642969355,0.3511394357030645,-0.3511394357030645
1032,1033,340.1,0.0,1.0,1.0,1.0,1.0,0.0,0.0,1.0,0,2.0,0,0.7227493206616526,0.27725067933834735,-0.27725067933834735
1033,1034,379.6,1.0,1.0,0.0,1.0,0.0,0.0,0.0,1.0,0,2.0,0,0.21891001516154757,0.21891001516154757,0.7810899848384525
1034,1035,398.9,0.0,1.0,1.0,1.0,1.0,0.0,0.0,1.0,0,2.0,0,0.6167285895622643,0.38327141043773566,-0.38327141043773566
1035,1036,346.4,0.0,0.0,0.0,1.0,0.0,0.0,0.0,1.0,0,2.0,0,0.6973787387279173,0.3026212612720827,-0.3026212612720827
1036,1037,285.8,0.0,0.0,0.0,1.0,0.0,0.0,0.0,1.0,0,2.0,0,0.761058024992491,0.23894197500750897,-0.23894197500750897
1037,1038,473.3,1.0,0.0,1.0,1.0,1.0,0.0,0.0,1.0,0,2.0,0,0.18866244618932193,0.18866244618932193,0.8113375538106781
1038,1039,400.7,0.0,1.0,1.0,1.0,1.0,0.0,0.0,1.0,0,2.0,0,0.6406112931073447,0.35938870689265534,-0.35938870689265534
1039,1040,412.2,1.0,0.0,1.0,1.0,1.0,0.0,0.0,1.0,0,2.0,0,0.28376409198532326,0.28376409198532326,0.7162359080146767
1040,1041,419.6,0.0,0.0,0.0,1.0,0.0,0.0,0.0,1.0,0,2.0,0,0.5655214762932825,0.43447852370671747,-0.43447852370671747
1041,1042,399.1,1.0,1.0,0.0,1.0,0.0,0.0,0.0,1.0,0,2.0,0,0.34305308264342693,0.34305308264342693,0.6569469173565731
1042,1043,398.4,1.0,1.0,0.0,1.0,0.0,0.0,0.0,1.0,0,2.0,0,0.4812915878797334,0.4812915878797334,0.5187084121202665
1043,1044,401.9,0.0,0.0,0.0,1.0,0.0,0.0,0.0,1.0,0,2.0,0,0.40955883907175816,0.5904411609282418,-0.5904411609282418
1044,1045,529.2,0.0,1.0,1.0,1.0,1.0,0.0,0.0,1.0,0,2.0,0,0.5338028249407223,0.46619717505927766,-0.46619717505927766
1045,1046,428.5,0.0,1.0,1.0,1.0,1.0,0.0,0.0,1.0,0,2.0,0,0.6319026849490516,0.36809731505094845,-0.36809731505094845
1046,1047,399.9,0.0,1.0,1.0,1.0,1.0,0.0,0.0,1.0,0,2.0,0,0.7093598146953835,0.2906401853046165,-0.2906401853046165
1047,1048,395.4,0.0,1.0,1.0,1.0,1.0,0.0,0.0,1.0,0,2.0,0,0.7705179748398598,0.2294820251601402,-0.2294820251601402
1048,1049,358.8,0.0,1.0,1.0,1.0,1.0,0.0,0.0,1.0,0,2.0,0,0.8188068872292906,0.18119311277070932,-0.18119311277070932
1049,1050,338.2,1.0,1.0,0.0,1.0,0.0,0.0,0.0,1.0,0,2.0,0,0.1430654278592341,0.1430654278592341,0.856934572140766
1050,1051,373.7,0.0,0.0,0.0,1.0,0.0,0.0,0.0,1.0,0,2.0,0,0.6766135276114471,0.3233864723885529,-0.3233864723885529
1051,1052,361.1,0.0,0.0,0.0,1.0,0.0,0.0,0.0,1.0,0,2.0,0,0.7446623476538909,0.25533765234610906,-0.25533765234610906
1052,1053,464.5,0.0,1.0,1.0,1.0,1.0,0.0,0.0,1.0,0,2.0,0,0.7983919481106585,0.20160805188934144,-0.20160805188934144
1053,1054,340.0,0.0,1.0,1.0,1.0,1.0,0.0,0.0,1.0,0,2.0,0,0.8408154605748462,0.15918453942515373,-0.15918453942515373
1054,1055,347.4,0.0,1.0,1.0,1.0,1.0,0.0,0.0,1.0,0,2.0,0,0.8743119763594225,0.1256880236405775,-0.1256880236405775
1055,1056,390.9,0.0,0.0,0.0,1.0,0.0,0.0,0.0,1.0,0,2.0,0,0.9007599648576292,0.0992400351423708,-0.0992400351423708
1056,1057,442.3,0.0,0.0,0.0,1.0,0.0,0.0,0.0,1.0,0,2.0,0,0.9216426172534752,0.07835738274652483,-0.07835738274652483
1057,1058,401.7,0.0,1.0,1.0,1.0,1.0,0.0,0.0,1.0,0,2.0,0,0.9381310232097656,0.06186897679023442,-0.06186897679023442
1058,1059,629.2,1.0,0.0,1.0,1.0,1.0,0.0,0.0,1.0,0,2.0,0,0.04885015495544136,0.04885015495544136,0.9511498450445587
1059,1060,488.6,0.0,0.0,0.0,1.0,0.0,0.0,0.0,1.0,0,2.0,0,0.7510034871565019,0.24899651284349816,-0.24899651284349816
1060,1061,536.0,0.0,1.0,1.0,1.0,1.0,0.0,0.0,1.0,0,2.0,0,0.8033987489883725,0.19660125101162745,-0.19660125101162745
1061,1062,427.5,0.0,0.0,0.0,1.0,0.0,0.0,0.0,1.0,0,2.0,0,0.8447687019471195,0.15523129805288047,-0.15523129805288047
1062,1063,430.9,0.0,0.0,0.0,1.0,0.0,0.0,0.0,1.0,0,2.0,0,0.8774333542071049,0.12256664579289515,-0.12256664579289515
1063,1064,402.3,1.0,0.0,1.0,1.0,1.0,0.0,0.0,1.0,0,2.0,0,0.09677547536710987,0.09677547536710987,0.9032245246328902
1064,1065,329.8,0.0,0.0,0.0,1.0,0.0,0.0,0.0,1.0,0,2.0,0,0.7131628851317288,0.28683711486827124,-0.28683711486827124
1065,1066,429.2,0.0,0.0,0.0,1.0,0.0,0.0,0.0,1.0,0,2.0,0,0.7735207815737065,0.22647921842629348,-0.22647921842629348
1066,1067,360.6,0.0,0.0,0.0,1.0,0.0,0.0,0.0,1.0,0,2.0,0,0.8211778262985918,0.17882217370140813,-0.17882217370140813
1067,1068,352.1,0.0,1.0,1.0,1.0,1.0,0.0,0.0,1.0,0,2.0,0,0.8588066047318004,0.14119339526819963,-0.14119339526819963
1068,1069,491.5,1.0,1.0,0.0,1.0,0.0,0.0,0.0,1.0,0,2.0,0,0.11148267832069797,0.11148267832069797,0.8885173216793021
1069,1070,395.0,0.0,1.0,1.0,1.0,1.0,0.0,0.0,1.0,0,2.0,0,0.7015504554372829,0.29844954456271716,-0.29844954456271716
1070,1071,374.4,0.0,1.0,1.0,1.0,1.0,0.0,0.0,1.0,0,2.0,0,0.764351905354755,0.2356480946452451,-0.2356480946452451
1071,1072,589.8,0.0,1.0,1.0,1.0,1.0,0.0,0.0,1.0,0,2.0,0,0.813938317140688,0.18606168285931204,-0.18606168285931204
1072,1073,441.3,0.0,0.0,0.0,1.0,0.0,0.0,0.0,1.0,0,2.0,0,0.853090474249087,0.14690952575091298,-0.14690952575091298
1073,1074,500.8,0.0,0.0,0.0,1.0,0.0,0.0,0.0,1.0,0,2.0,0,0.8840040118702065,0.1159959881297935,-0.1159959881297935
1074,1075,420.1,0.0,0.0,0.0,1.0,0.0,0.0,0.0,1.0,0,2.0,0,0.9084125471549037,0.09158745284509626,-0.09158745284509626
1075,1076,375.6,0.0,0.0,0.0,1.0,0.0,0.0,0.0,1.0,0,2.0,0,0.9276848996771621,0.07231510032283789,-0.07231510032283789
1076,1077,443.1,0.0,1.0,1.0,1.0,1.0,0.0,0.0,1.0,0,2.0,0,0.9429018542141703,0.05709814578582969,-0.05709814578582969
1077,1078,438.5,0.0,0.0,0.0,1.0,0.0,0.0,0.0,1.0,0,2.0,0,0.9549167706658044,0.04508322933419557,-0.04508322933419557
1078,1079,333.9,0.0,0.0,0.0,1.0,0.0,0.0,0.0,1.0,0,2.0,0,0.964403440090272,0.035596559909728036,-0.035596559909728036
1079,1080,353.4,0.0,1.0,1.0,1.0,1.0,0.0,0.0,1.0,0,2.0,0,0.9718938706006637,0.028106129399336356,-0.028106129399336356
1080,1081,420.6,1.0,0.0,1.0,1.0,1.0,0.0,0.0,1.0,0,2.0,0,0.0221918778616682,0.0221918778616682,0.9778081221383318
1081,1082,431.9,0.0,0.0,0.0,1.0,0.0,0.0,0.0,1.0,0,2.0,0,0.37314631135324206,0.626853688646758,-0.626853688646758
1082,1083,403.4,0.0,1.0,1.0,1.0,1.0,0.0,0.0,1.0,0,2.0,0,0.5050524283178777,0.4949475716821224,-0.4949475716821224
1083,1084,446.8,0.0,1.0,1.0,1.0,1.0,0.0,0.0,1.0,0,2.0,0,0.6092021102358449,0.3907978897641551,-0.3907978897641551
1084,1085,482.3,1.0,0.0,1.0,1.0,1.0,0.0,0.0,1.0,0,2.0,0,0.3085639760289647,0.3085639760289647,0.6914360239710353
1085,1086,461.7,0.0,0.0,0.0,1.0,0.0,0.0,0.0,1.0,0,2.0,0,0.5459401248428398,0.4540598751571602,-0.4540598751571602
1086,1087,389.1,0.0,0.0,0.0,1.0,0.0,0.0,0.0,1.0,0,2.0,0,0.6414859852025752,0.3585140147974248,-0.3585140147974248
1087,1088,536.6,0.0,1.0,1.0,1.0,1.0,0.0,0.0,1.0,0,2.0,0,0.7169265424264141,0.28307345757358593,-0.28307345757358593
1088,1089,472.0,1.0,1.0,0.0,1.0,0.0,0.0,0.0,1.0,0,2.0,0,0.22350753129676632,0.22350753129676632,0.7764924687032337
1089,1090,631.4,0.0,1.0,1.0,1.0,1.0,0.0,0.0,1.0,0,2.0,0,0.6130985089100977,0.38690149108990235,-0.38690149108990235
1090,1091,334.9,0.0,1.0,1.0,1.0,1.0,0.0,0.0,1.0,0,2.0,0,0.6945125202843777,0.3054874797156223,-0.3054874797156223
1091,1092,538.4,0.0,1.0,1.0,1.0,1.0,0.0,0.0,1.0,0,2.0,0,0.7587949325289164,0.24120506747108358,-0.24120506747108358
1092,1093,657.7,1.0,1.0,0.0,1.0,0.0,0.0,0.0,1.0,0,2.0,0,0.19044932587053823,0.19044932587053823,0.8095506741294618
1093,1094,537.2,1.0,1.0,0.0,1.0,0.0,0.0,0.0,1.0,0,2.0,0,0.3607995811925504,0.3607995811925504,0.6392004188074496
1094,1095,376.7,1.0,0.0,1.0,1.0,1.0,0.0,0.0,1.0,0,2.0,0,0.49530376731144554,0.49530376731144554,0.5046962326885545
1095,1096,388.1,0.0,1.0,1.0,1.0,1.0,0.0,0.0,1.0,0,2.0,0,0.3984951820983551,0.6015048179016449,-0.6015048179016449
1096,1097,371.5,0.0,0.0,0.0,1.0,0.0,0.0,0.0,1.0,0,2.0,0,0.5250672455669594,0.47493275443304056,-0.47493275443304056
1097,1098,362.9,0.0,1.0,1.0,1.0,1.0,0.0,0.0,1.0,0,2.0,0,0.6250052958507849,0.3749947041492151,-0.3749947041492151
1098,1099,446.4,0.0,1.0,1.0,1.0,1.0,0.0,0.0,1.0,0,2.0,0,0.7039138134243316,0.29608618657566843,-0.29608618657566843
1099,1100,341.9,0.0,0.0,0.0,1.0,0.0,0.0,0.0,1.0,0,2.0,0,0.7662179521179645,0.23378204788203547,-0.23378204788203547
1100,1101,353.2,0.0,0.0,0.0,1.0,0.0,0.0,0.0,1.0,0,2.0,0,0.8154116997351013,0.18458830026489875,-0.18458830026489875
1101,1102,396.7,1.0,1.0,0.0,1.0,0.0,0.0,0.0,1.0,0,2.0,0,0.1457461806985167,0.1457461806985167,0.8542538193014833
1102,1103,340.2,0.0,0.0,0.0,1.0,0.0,0.0,0.0,1.0,0,2.0,0,0.6744968740252695,0.3255031259747306,-0.3255031259747306
1103,1104,387.6,0.0,0.0,0.0,1.0,0.0,0.0,0.0,1.0,0,2.0,0,0.7429910923489529,0.25700890765104717,-0.25700890765104717
1104,1105,527.0,1.0,0.0,1.0,1.0,1.0,0.0,0.0,1.0,0,2.0,0,0.2029276321515645,0.2029276321515645,0.7970723678484355
1105,1106,530.5,0.0,1.0,1.0,1.0,1.0,0.0,0.0,1.0,0,2.0,0,0.6293478686759626,0.3706521313240374,-0.3706521313240374
1106,1107,389.9,0.0,1.0,1.0,1.0,1.0,0.0,0.0,1.0,0,2.0,0,0.7073425973871642,0.2926574026128358,-0.2926574026128358
1107,1108,321.4,0.0,1.0,1.0,1.0,1.0,0.0,0.0,1.0,0,2.0,0,0.7689252318659552,0.2310747681340448,-0.2310747681340448
1108,1109,396.8,1.0,0.0,1.0,1.0,1.0,0.0,0.0,1.0,0,2.0,0,0.18245070171295458,0.18245070171295458,0.8175492982870454
1109,1110,420.2,0.0,0.0,0.0,1.0,0.0,0.0,0.0,1.0,0,2.0,0,0.6455159269958761,0.3544840730041239,-0.3544840730041239
1110,1111,367.7,0.0,0.0,0.0,0.0,1.0,0.0,0.0,1.0,1,2.0,0,0.27989151904352716,0.27989151904352716,0.7201084809564728
1111,1112,399.1,0.0,0.0,0.0,1.0,0.0,0.0,0.0,1.0,0,2.0,1,0.5685791604202464,0.4314208395797537,-0.4314208395797537
1112,1113,362.5,0.0,0.0,0.0,1.0,0.0,0.0,0.0,1.0,0,2.0,0,0.6593611862059418,0.34063881379405825,-0.34063881379405825
1113,1114,390.0,0.0,0.0,0.0,1.0,0.0,0.0,0.0,1.0,0,2.0,0,0.7310403420102459,0.2689596579897541,-0.2689596579897541
1114,1115,329.5,0.0,0.0,0.0,1.0,0.0,0.0,0.0,1.0,0,2.0,0,0.7876363623386147,0.21236363766138527,-0.21236363766138527
1115,1116,480.8,0.0,1.0,1.0,1.0,1.0,0.0,0.0,1.0,0,2.0,0,0.8323231263088008,0.1676768736911992,-0.1676768736911992
1116,1117,344.1,1.0,0.0,1.0,1.0,1.0,0.0,0.0,1.0,0,2.0,0,0.13239335264959395,0.13239335264959395,0.867606647350406
1117,1118,403.5,0.0,0.0,0.0,1.0,0.0,0.0,0.0,1.0,0,2.0,0,0.6850399240824057,0.3149600759175944,-0.3149600759175944
1118,1119,462.8,0.0,1.0,1.0,1.0,1.0,0.0,0.0,1.0,0,2.0,0,0.7513156138735333,0.24868438612646665,-0.24868438612646665
1119,1120,362.3,0.0,1.0,1.0,1.0,1.0,0.0,0.0,1.0,0,2.0,0,0.8036451962270981,0.196354803772902,-0.196354803772902
1120,1121,373.8,1.0,0.0,1.0,1.0,1.0,0.0,0.0,1.0,0,2.0,0,0.1550367096432338,0.1550367096432338,0.8449632903567662
1121,1122,401.2,0.0,0.0,0.0,1.0,0.0,0.0,0.0,1.0,0,2.0,0,0.6671613109997778,0.33283868900022223,-0.33283868900022223
1122,1123,484.6,0.0,0.0,0.0,1.0,0.0,0.0,0.0,1.0,0,2.0,0,0.7371991201995567,0.2628008798004433,-0.2628008798004433
1123,1124,408.1,0.0,1.0,1.0,1.0,1.0,0.0,0.0,1.0,0,2.0,0,0.7924991754073369,0.20750082459266306,-0.20750082459266306
1124,1125,347.5,0.0,0.0,0.0,1.0,0.0,0.0,0.0,1.0,0,2.0,0,0.8361626786054523,0.16383732139454768,-0.16383732139454768
1125,1126,355.0,0.0,1.0,1.0,0.0,0.0,0.0,0.0,1.0,1,2.0,0,0.1293617407758939,0.1293617407758939,0.8706382592241061
1126,1127,394.4,0.0,0.0,0.0,1.0,0.0,0.0,0.0,1.0,0,2.0,1,0.6874336069502687,0.31256639304973133,-0.31256639304973133
1127,1128,693.8,1.0,1.0,0.0,1.0,0.0,0.0,0.0,1.0,0,2.0,0,0.24679439561626715,0.24679439561626715,0.7532056043837329
1128,1129,337.3,1.0,0.0,1.0,1.0,1.0,0.0,0.0,1.0,0,2.0,0,0.40528820102840435,0.40528820102840435,0.5947117989715957
1129,1130,364.7,1.0,0.0,1.0,1.0,1.0,0.0,0.0,1.0,0,2.0,0,0.5304308388339574,0.5304308388339574,0.46956916116604264
1130,1131,396.2,0.0,0.0,0.0,1.0,0.0,0.0,0.0,1.0,0,2.0,0,0.3707597486706533,0.6292402513293467,-0.6292402513293467
1131,1132,443.6,0.0,0.0,0.0,1.0,0.0,0.0,0.0,1.0,0,2.0,0,0.5031680597230872,0.4968319402769128,-0.4968319402769128
1132,1133,399.0,1.0,1.0,0.0,1.0,0.0,0.0,0.0,1.0,0,2.0,0,0.3922857388061843,0.3922857388061843,0.6077142611938158
1133,1134,342.5,1.0,1.0,0.0,1.0,0.0,0.0,0.0,1.0,0,2.0,0,0.5201644286343631,0.5201644286343631,0.4798355713656369
1134,1135,385.8,0.0,1.0,1.0,1.0,1.0,0.0,0.0,1.0,0,2.0,0,0.3788658424692737,0.6211341575307263,-0.6211341575307263
1135,1136,357.3,0.0,1.0,1.0,1.0,1.0,0.0,0.0,1.0,0,2.0,0,0.5095684231796953,0.49043157682030475,-0.49043157682030475
1136,1137,384.8,0.0,1.0,1.0,1.0,1.0,0.0,0.0,1.0,0,2.0,0,0.6127678237844257,0.38723217621557426,-0.38723217621557426
1137,1138,352.2,0.0,0.0,0.0,1.0,0.0,0.0,0.0,1.0,0,2.0,0,0.6942514198028665,0.30574858019713347,-0.30574858019713347
1138,1139,507.6,0.0,0.0,0.0,1.0,0.0,0.0,0.0,1.0,0,2.0,0,0.7585887742951378,0.24141122570486215,-0.24141122570486215
1139,1140,471.1,0.0,1.0,1.0,1.0,1.0,0.0,0.0,1.0,0,2.0,0,0.8093878968832893,0.1906121031167107,-0.1906121031167107
1140,1141,370.6,0.0,0.0,0.0,1.0,0.0,0.0,0.0,1.0,0,2.0,0,0.8494975792923792,0.15050242070762077,-0.15050242070762077
1141,1142,357.9,1.0,0.0,1.0,1.0,1.0,0.0,0.0,1.0,0,2.0,0,0.11883284570332142,0.11883284570332142,0.8811671542966786
1142,1143,369.4,1.0,1.0,0.0,1.0,0.0,0.0,0.0,1.0,0,2.0,0,0.30425304793738844,0.30425304793738844,0.6957469520626116
1143,1144,356.8,0.0,0.0,0.0,1.0,0.0,0.0,0.0,1.0,0,2.0,0,0.5493439229368227,0.45065607706317734,-0.45065607706317734
1144,1145,336.3,1.0,0.0,1.0,1.0,1.0,0.0,0.0,1.0,0,2.0,0,0.35582646324971046,0.35582646324971046,0.6441735367502895
1145,1146,443.7,0.0,0.0,0.0,1.0,0.0,0.0,0.0,1.0,0,2.0,0,0.5086228788806046,0.49137712111939535,-0.49137712111939535
1146,1147,403.1,1.0,1.0,0.0,1.0,0.0,0.0,0.0,1.0,0,2.0,0,0.3879787537076252,0.3879787537076252,0.6120212462923749
1147,1148,494.6,0.0,1.0,1.0,1.0,1.0,0.0,0.0,1.0,0,2.0,0,0.48323625617361,0.51676374382639,-0.51676374382639
1148,1149,798.0,0.0,1.0,1.0,1.0,1.0,0.0,0.0,1.0,2,2.0,0,0.5919766210638586,0.4080233789361414,-0.4080233789361414
1149,1150,385.4,0.0,1.0,1.0,1.0,1.0,0.0,0.0,1.0,0,2.0,0,0.6778352201612715,0.3221647798387285,-0.3221647798387285
1150,1151,412.9,0.0,1.0,1.0,1.0,1.0,0.0,0.0,1.0,0,2.0,0,0.7456269647117933,0.25437303528820665,-0.25437303528820665
1151,1152,396.4,1.0,1.0,0.0,1.0,0.0,0.0,0.0,1.0,0,2.0,0,0.20084641503682066,0.20084641503682066,0.7991535849631793
1152,1153,499.9,1.0,0.0,1.0,1.0,1.0,0.0,0.0,1.0,0,3.0,0,0.36900885574675,0.36900885574675,0.63099114425325
1153,1154,423.3,0.0,1.0,1.0,1.0,1.0,0.0,0.0,1.0,0,3.0,0,0.49821440035756126,0.5017855996424387,-0.5017855996424387
1154,1155,446.7,1.0,1.0,0.0,1.0,0.0,0.0,0.0,1.0,0,3.0,0,0.3961970210053851,0.3961970210053851,0.6038029789946149
1155,1156,378.1,0.0,1.0,1.0,1.0,1.0,0.0,0.0,1.0,0,3.0,0,0.4767473234032821,0.5232526765967179,-0.5232526765967179
1156,1157,445.6,1.0,1.0,0.0,1.0,0.0,0.0,0.0,1.0,0,3.0,0,0.4131468735819425,0.4131468735819425,0.5868531264180574
1157,1158,553.1,0.0,1.0,1.0,1.0,1.0,0.0,0.0,1.0,0,3.0,0,0.46336415516948304,0.536635844830517,-0.536635844830517
1158,1159,580.4,0.0,0.0,0.0,1.0,0.0,0.0,0.0,1.0,0,3.0,0,0.5762861205302372,0.4237138794697628,-0.4237138794697628
1159,1160,363.9,0.0,1.0,1.0,1.0,1.0,0.0,0.0,1.0,0,3.0,0,0.6654464039538435,0.3345535960461565,-0.3345535960461565
1160,1161,303.4,0.0,1.0,1.0,1.0,1.0,0.0,0.0,1.0,0,3.0,0,0.7358450736438475,0.26415492635615245,-0.26415492635615245
1161,1162,378.8,0.0,0.0,0.0,1.0,0.0,0.0,0.0,1.0,0,3.0,0,0.7914300550259293,0.20856994497407066,-0.20856994497407066
1162,1163,330.2,0.0,0.0,0.0,0.0,1.0,0.0,0.0,1.0,1,3.0,0,0.16468147138711756,0.16468147138711756,0.8353185286128825
1163,1164,333.7,1.0,0.0,1.0,1.0,1.0,0.0,0.0,1.0,0,3.0,1,0.34045394514538935,0.34045394514538935,0.6595460548546106
1164,1165,409.1,0.0,0.0,0.0,1.0,0.0,0.0,0.0,1.0,0,3.0,0,0.520760624329305,0.47923937567069497,-0.47923937567069497
1165,1166,716.5,1.0,1.0,0.0,1.0,0.0,0.0,0.0,1.0,2,3.0,0,0.37839510166196366,0.37839510166196366,0.6216048983380363
1166,1167,388.0,0.0,1.0,1.0,1.0,1.0,0.0,0.0,1.0,0,3.0,0,0.49080326167067667,0.5091967383293233,-0.5091967383293233
1167,1168,439.4,0.0,0.0,0.0,1.0,0.0,0.0,0.0,1.0,0,3.0,0,0.5979513342441601,0.40204866575583986,-0.40204866575583986
1168,1169,398.8,0.0,0.0,0.0,1.0,0.0,0.0,0.0,1.0,0,3.0,0,0.6825527002266298,0.31744729977337016,-0.31744729977337016
1169,1170,338.2,0.0,0.0,0.0,1.0,0.0,0.0,0.0,1.0,0,3.0,0,0.7493517658018987,0.2506482341981014,-0.2506482341981014
1170,1171,297.7,0.0,0.0,0.0,1.0,0.0,0.0,0.0,1.0,0,3.0,0,0.8020945922316002,0.19790540776839985,-0.19790540776839985
1171,1172,357.2,0.0,0.0,0.0,1.0,0.0,0.0,0.0,1.0,0,3.0,0,0.8437389732695221,0.15626102673047795,-0.15626102673047795
1172,1173,332.6,0.0,0.0,0.0,1.0,0.0,0.0,0.0,1.0,0,3.0,0,0.8766203068920789,0.12337969310792105,-0.12337969310792105
1173,1174,324.0,0.0,1.0,1.0,1.0,1.0,0.0,0.0,1.0,0,3.0,0,0.9025825633562429,0.09741743664375715,-0.09741743664375715
1174,1175,383.5,0.0,0.0,0.0,1.0,0.0,0.0,0.0,1.0,0,3.0,0,0.9230816942141415,0.07691830578585841,-0.07691830578585841
1175,1176,378.9,1.0,1.0,0.0,1.0,0.0,0.0,0.0,1.0,0,3.0,0,0.060732718585097004,0.060732718585097004,0.939267281414903
1176,1177,414.3,0.0,1.0,1.0,1.0,1.0,0.0,0.0,1.0,0,3.0,0,0.7416213201207575,0.2583786798792425,-0.2583786798792425
1177,1178,625.8,0.0,0.0,0.0,1.0,0.0,0.0,0.0,1.0,0,3.0,0,0.7959908308799502,0.2040091691200499,-0.2040091691200499
1178,1179,373.2,1.0,1.0,0.0,0.0,1.0,0.0,0.0,1.0,1,3.0,0,0.8389196000826973,0.16108039991730272,-0.16108039991730272
1179,1180,392.6,0.0,0.0,0.0,1.0,0.0,0.0,0.0,1.0,0,3.0,1,0.8728150536104109,0.12718494638958916,-0.12718494638958916
1180,1181,644.1,0.0,1.0,1.0,1.0,1.0,0.0,0.0,1.0,0,3.0,0,0.899578033103796,0.10042196689620397,-0.10042196689620397
1181,1182,391.5,0.0,1.0,1.0,1.0,1.0,0.0,0.0,1.0,0,3.0,0,0.9207093942988227,0.0792906057011773,-0.0792906057011773
1182,1183,347.0,0.0,0.0,0.0,1.0,0.0,0.0,0.0,1.0,0,3.0,0,0.9373941743348067,0.0626058256651934,-0.0626058256651934
1183,1184,386.3,0.0,1.0,1.0,0.0,0.0,0.0,0.0,1.0,1,3.0,0,0.04943195190098533,0.04943195190098533,0.9505680480990146
1184,1185,381.8,1.0,0.0,1.0,1.0,1.0,0.0,0.0,1.0,0,3.0,1,0.24945588476811853,0.24945588476811853,0.7505441152318815
1185,1186,413.3,0.0,0.0,0.0,1.0,0.0,0.0,0.0,1.0,0,3.0,0,0.5926103554982216,0.40738964450177834,-0.40738964450177834
1186,1187,372.7,0.0,0.0,0.0,1.0,0.0,0.0,0.0,1.0,0,3.0,0,0.6783356005930378,0.32166439940696223,-0.32166439940696223
1187,1188,348.1,0.0,0.0,0.0,1.0,0.0,0.0,0.0,1.0,0,3.0,0,0.7460220522483358,0.2539779477516642,-0.2539779477516642
1188,1189,407.4,0.0,1.0,1.0,1.0,1.0,0.0,0.0,1.0,0,3.0,0,0.7994655359341238,0.2005344640658761,-0.2005344640658761
1189,1190,530.8,0.0,0.0,0.0,1.0,0.0,0.0,0.0,1.0,0,3.0,0,0.8416631379449178,0.1583368620550823,-0.1583368620550823
1190,1191,462.1,1.0,0.0,1.0,1.0,1.0,0.0,0.0,1.0,0,3.0,0,0.12501871936194675,0.12501871936194675,0.8749812806380532
1191,1192,417.6,1.0,1.0,0.0,1.0,0.0,0.0,0.0,1.0,0,3.0,0,0.3091372548927284,0.3091372548927284,0.6908627451072715
1192,1193,517.1,1.0,1.0,0.0,1.0,0.0,0.0,0.0,1.0,0,3.0,0,0.45451252142319565,0.45451252142319565,0.5454874785768044
1193,1194,392.4,0.0,0.0,0.0,1.0,0.0,0.0,0.0,1.0,0,3.0,0,0.430702902119693,0.569297097880307,-0.569297097880307
1194,1195,351.9,0.0,0.0,0.0,1.0,0.0,0.0,0.0,1.0,0,3.0,0,0.5504976340335126,0.44950236596648735,-0.44950236596648735
1195,1196,331.4,0.0,0.0,0.0,1.0,0.0,0.0,0.0,1.0,0,3.0,0,0.6450844773989155,0.3549155226010845,-0.3549155226010845
1196,1197,430.8,0.0,0.0,0.0,1.0,0.0,0.0,0.0,1.0,0,3.0,0,0.7197678194365895,0.28023218056341054,-0.28023218056341054
1197,1198,366.2,0.0,0.0,0.0,1.0,0.0,0.0,0.0,1.0,0,3.0,0,0.7787358680516501,0.22126413194834993,-0.22126413194834993
1198,1199,385.7,0.0,0.0,0.0,1.0,0.0,0.0,0.0,1.0,0,3.0,0,0.8252955246309455,0.17470447536905453,-0.17470447536905453
1199,1200,373.1,1.0,0.0,1.0,1.0,1.0,0.0,0.0,1.0,0,3.0,0,0.13794216642895066,0.13794216642895066,0.8620578335710494
1200,1201,416.5,0.0,1.0,1.0,1.0,1.0,0.0,0.0,1.0,0,3.0,0,0.6806587232447145,0.31934127675528545,-0.31934127675528545
1201,1202,563.9,0.0,0.0,0.0,1.0,0.0,0.0,0.0,1.0,0,3.0,0,0.7478563302241891,0.25214366977581093,-0.25214366977581093
1202,1203,415.4,0.0,1.0,1.0,1.0,1.0,0.0,0.0,1.0,0,3.0,0,0.8009138347100289,0.19908616528997117,-0.19908616528997117
1203,1204,434.9,0.0,1.0,1.0,1.0,1.0,0.0,0.0,1.0,0,3.0,0,0.8428066774585031,0.15719332254149687,-0.15719332254149687
1204,1205,350.3,1.0,0.0,1.0,1.0,1.0,0.0,0.0,1.0,0,3.0,0,0.12411580993408086,0.12411580993408086,0.8758841900659191
1205,1206,421.7,0.0,0.0,0.0,1.0,0.0,0.0,0.0,1.0,0,3.0,0,0.6915756592000895,0.30842434079991055,-0.30842434079991055
1206,1207,353.2,0.0,0.0,0.0,1.0,0.0,0.0,0.0,1.0,0,3.0,0,0.7564760624506782,0.24352393754932178,-0.24352393754932178
1207,1208,356.6,0.0,0.0,0.0,1.0,0.0,0.0,0.0,1.0,0,3.0,0,0.8077197538763673,0.1922802461236327,-0.1922802461236327
1208,1209,408.0,1.0,1.0,0.0,1.0,0.0,0.0,0.0,1.0,0,3.0,0,0.15181954357927036,0.15181954357927036,0.8481804564207296
1209,1210,339.5,0.0,0.0,0.0,1.0,0.0,0.0,0.0,1.0,0,3.0,0,0.6697015026902731,0.33029849730972694,-0.33029849730972694
1210,1211,330.9,0.0,0.0,0.0,1.0,0.0,0.0,0.0,1.0,0,3.0,0,0.7392047903129957,0.26079520968700437,-0.26079520968700437
1211,1212,398.4,0.0,1.0,1.0,1.0,1.0,0.0,0.0,1.0,0,3.0,0,0.7940828010128351,0.20591719898716485,-0.20591719898716485
1212,1213,457.8,1.0,0.0,1.0,1.0,1.0,0.0,0.0,1.0,0,3.0,0,0.16258693129221446,0.16258693129221446,0.8374130687077855
1213,1214,413.2,0.0,1.0,1.0,1.0,1.0,0.0,0.0,1.0,0,3.0,0,0.6611998499148282,0.33880015008517184,-0.33880015008517184
1214,1215,608.7,1.0,1.0,0.0,1.0,0.0,0.0,0.0,1.0,0,3.0,0,0.2675078963516947,0.2675078963516947,0.7324921036483053
1215,1216,320.1,0.0,0.0,0.0,1.0,0.0,0.0,0.0,1.0,0,3.0,0,0.5783569508216745,0.4216430491783255,-0.4216430491783255
1216,1217,515.5,0.0,1.0,1.0,1.0,1.0,0.0,0.0,1.0,0,3.0,0,0.6670814783622359,0.3329185216377641,-0.3329185216377641
1217,1218,415.0,0.0,1.0,1.0,1.0,1.0,0.0,0.0,1.0,0,3.0,0,0.7371360863994723,0.2628639136005277,-0.2628639136005277
1218,1219,398.4,1.0,0.0,1.0,1.0,1.0,0.0,0.0,1.0,0,3.0,0,0.20755059446217283,0.20755059446217283,0.7924494055378272
1219,1220,365.8,0.0,0.0,0.0,1.0,0.0,0.0,0.0,1.0,0,3.0,0,0.6256976963772989,0.3743023036227011,-0.3743023036227011
1220,1221,401.3,1.0,0.0,1.0,0.0,0.0,0.0,0.0,1.0,1,3.0,0,0.7044605150956089,0.2955394849043911,-0.2955394849043911
1221,1222,432.7,0.0,0.0,0.0,1.0,0.0,0.0,0.0,1.0,0,3.0,1,0.7666496137154537,0.23335038628454624,-0.23335038628454624
1222,1223,412.2,1.0,0.0,1.0,1.0,1.0,0.0,0.0,1.0,0,3.0,0,0.18424747135484332,0.18424747135484332,0.8157525286451567
1223,1224,335.7,0.0,1.0,1.0,1.0,1.0,0.0,0.0,1.0,0,3.0,0,0.6440972438370599,0.3559027561629401,-0.3559027561629401
1224,1225,326.8,0.0,1.0,1.0,1.0,1.0,0.0,0.0,1.0,0,3.0,0,0.718988325173457,0.28101167482654293,-0.28101167482654293
1225,1226,450.2,1.0,1.0,0.0,1.0,0.0,0.0,0.0,1.0,0,3.0,0,0.22187960059703954,0.22187960059703954,0.7781203994029604
1226,1227,461.6,0.0,0.0,0.0,1.0,0.0,0.0,0.0,1.0,0,3.0,0,0.6143838811768478,0.38561611882315217,-0.38561611882315217
1227,1228,309.1,0.0,0.0,0.0,1.0,0.0,0.0,0.0,1.0,0,3.0,0,0.6955274172111374,0.30447258278886263,-0.30447258278886263
1228,1229,376.5,1.0,1.0,0.0,1.0,0.0,0.0,0.0,1.0,0,3.0,0,0.2404037309255625,0.2404037309255625,0.7595962690744376
1229,1230,604.0,1.0,0.0,1.0,1.0,1.0,0.0,0.0,1.0,0,3.0,0,0.40024229633423675,0.40024229633423675,0.5997577036657633
1230,1231,431.4,1.0,0.0,1.0,1.0,1.0,0.0,0.0,1.0,0,3.0,0,0.5264467220926023,0.5264467220926023,0.47355327790739765
1231,1232,982.8,0.0,0.0,0.0,1.0,0.0,0.0,0.0,1.0,2,3.0,0,0.37390550491672214,0.6260944950832779,-0.6260944950832779
1232,1233,430.3,0.0,0.0,0.0,1.0,0.0,0.0,0.0,1.0,0,3.0,0,0.5056518680555496,0.4943481319444504,-0.4943481319444504
1233,1234,529.7,0.0,1.0,1.0,1.0,1.0,0.0,0.0,1.0,0,3.0,0,0.6096754124559707,0.3903245875440293,-0.3903245875440293
1234,1235,405.1,0.0,0.0,0.0,1.0,0.0,0.0,0.0,1.0,0,3.0,0,0.6918097312471762,0.30819026875282385,-0.30819026875282385
1235,1236,804.6,1.0,1.0,0.0,1.0,0.0,0.0,0.0,1.0,2,3.0,0,0.24333912027313356,0.24333912027313356,0.7566608797268665
1236,1237,376.0,0.0,1.0,1.0,1.0,1.0,0.0,0.0,1.0,0,3.0,0,0.5974399956330351,0.40256000436696493,-0.40256000436696493
1237,1238,491.5,0.0,1.0,1.0,1.0,1.0,0.0,0.0,1.0,0,3.0,0,0.682148960393129,0.31785103960687106,-0.31785103960687106
1238,1239,402.9,0.0,0.0,0.0,1.0,0.0,0.0,0.0,1.0,0,3.0,0,0.7490329831995117,0.2509670168004883,-0.2509670168004883
1239,1240,550.3,0.0,1.0,1.0,1.0,1.0,0.0,0.0,1.0,0,3.0,0,0.801842889676756,0.19815711032324404,-0.19815711032324404
1240,1241,409.8,0.0,0.0,0.0,1.0,0.0,0.0,0.0,1.0,0,3.0,0,0.843540235397252,0.15645976460274805,-0.15645976460274805
1241,1242,417.3,0.0,1.0,1.0,1.0,1.0,0.0,0.0,1.0,0,3.0,0,0.87646338857276,0.12353661142724001,-0.12353661142724001
1242,1243,540.6,0.0,1.0,1.0,1.0,1.0,0.0,0.0,1.0,0,3.0,0,0.9024586646817898,0.09754133531821024,-0.09754133531821024
1243,1244,432.1,1.0,1.0,0.0,1.0,0.0,0.0,0.0,1.0,0,3.0,0,0.07701613299684217,0.07701613299684217,0.9229838670031578
1244,1245,459.6,0.0,0.0,0.0,1.0,0.0,0.0,0.0,1.0,0,3.0,0,0.728764354344285,0.27123564565571506,-0.27123564565571506
1245,1246,399.0,0.0,0.0,0.0,1.0,0.0,0.0,0.0,1.0,0,3.0,0,0.7858393009368102,0.21416069906318977,-0.21416069906318977
1246,1247,370.4,0.0,0.0,0.0,1.0,0.0,0.0,0.0,1.0,0,3.0,0,0.830904212783849,0.169095787216151,-0.169095787216151
1247,1248,541.8,0.0,1.0,1.0,1.0,1.0,0.0,0.0,1.0,0,3.0,0,0.8664863096762067,0.13351369032379334,-0.13351369032379334
1248,1249,385.3,0.0,0.0,0.0,1.0,0.0,0.0,0.0,1.0,0,3.0,0,0.8945810194485131,0.1054189805514869,-0.1054189805514869
1249,1250,468.8,0.0,1.0,1.0,1.0,1.0,0.0,0.0,1.0,0,3.0,0,0.9167638806659941,0.0832361193340059,-0.0832361193340059
1250,1251,536.2,0.0,1.0,1.0,1.0,1.0,0.0,0.0,1.0,0,3.0,0,0.9342788981117011,0.06572110188829891,-0.06572110188829891
1251,1252,447.6,0.0,1.0,1.0,1.0,1.0,0.0,0.0,1.0,0,3.0,0,0.948108306009798,0.05189169399020195,-0.05189169399020195
1252,1253,503.1,1.0,1.0,0.0,1.0,0.0,0.0,0.0,1.0,0,3.0,0,0.04097234872521488,0.04097234872521488,0.9590276512747851
1253,1254,346.5,0.0,1.0,1.0,1.0,1.0,0.0,0.0,1.0,0,3.0,0,0.757223600612722,0.24277639938727805,-0.24277639938727805
1254,1255,526.0,1.0,1.0,0.0,1.0,0.0,0.0,0.0,1.0,0,3.0,0,0.1916900091915633,0.1916900091915633,0.8083099908084367
1255,1256,461.3,0.0,1.0,1.0,1.0,1.0,0.0,0.0,1.0,0,3.0,0,0.6382208071243892,0.3617791928756108,-0.3617791928756108
1256,1257,432.8,0.0,1.0,1.0,1.0,1.0,0.0,0.0,1.0,0,3.0,0,0.7143484416826876,0.28565155831731237,-0.28565155831731237
1257,1258,624.3,1.0,0.0,1.0,1.0,1.0,0.0,0.0,1.0,0,3.0,0,0.22554313342493426,0.22554313342493426,0.7744568665750657
1258,1259,411.6,0.0,1.0,1.0,1.0,1.0,0.0,0.0,1.0,0,3.0,0,0.6114912497545798,0.3885087502454202,-0.3885087502454202
1259,1260,379.1,0.0,1.0,1.0,1.0,1.0,0.0,0.0,1.0,0,3.0,0,0.6932434697379819,0.30675653026201816,-0.30675653026201816
1260,1261,486.4,1.0,1.0,0.0,1.0,0.0,0.0,0.0,1.0,0,3.0,0,0.24220707718667842,0.24220707718667842,0.7577929228133216
1261,1262,377.8,0.0,1.0,1.0,1.0,1.0,0.0,0.0,1.0,0,3.0,0,0.5983338277773271,0.40166617222267287,-0.40166617222267287
1262,1263,589.1,0.0,1.0,1.0,1.0,1.0,0.0,0.0,1.0,0,3.0,0,0.6828547072959888,0.31714529270401115,-0.31714529270401115
1263,1264,408.6,1.0,0.0,1.0,1.0,1.0,0.0,0.0,1.0,0,3.0,0,0.2504097771732528,0.2504097771732528,0.7495902228267473
1264,1265,372.0,0.0,1.0,1.0,1.0,1.0,0.0,0.0,1.0,0,3.0,0,0.5918571865560616,0.40814281344393843,-0.40814281344393843
1265,1266,399.5,0.0,0.0,0.0,1.0,0.0,0.0,0.0,1.0,0,3.0,0,0.6777409177416163,0.32225908225838373,-0.32225908225838373
1266,1267,522.9,0.0,1.0,1.0,1.0,1.0,0.0,0.0,1.0,0,3.0,0,0.7455525059434118,0.25444749405658823,-0.25444749405658823
1267,1268,326.4,0.0,0.0,0.0,1.0,0.0,0.0,0.0,1.0,0,3.0,0,0.7990947942321549,0.2009052057678451,-0.2009052057678451
1268,1269,373.8,0.0,1.0,1.0,1.0,1.0,0.0,0.0,1.0,0,3.0,0,0.8413704098196243,0.15862959018037573,-0.15862959018037573
1269,1270,381.3,0.0,1.0,1.0,1.0,1.0,0.0,0.0,1.0,0,3.0,0,0.8747501500291072,0.12524984997089286,-0.12524984997089286
1270,1271,384.6,0.0,0.0,0.0,1.0,0.0,0.0,0.0,1.0,0,3.0,0,0.9011059355326262,0.09889406446737384,-0.09889406446737384
1271,1272,348.1,0.0,0.0,0.0,1.0,0.0,0.0,0.0,1.0,0,3.0,0,0.9219157868121207,0.07808421318787928,-0.07808421318787928
1272,1273,363.6,0.0,1.0,1.0,1.0,1.0,0.0,0.0,1.0,0,3.0,0,0.9383467108768526,0.06165328912314743,-0.06165328912314743
1273,1274,351.0,0.0,1.0,1.0,1.0,1.0,0.0,0.0,1.0,0,3.0,0,0.9513201464865059,0.04867985351349412,-0.04867985351349412
1274,1275,410.4,1.0,1.0,0.0,1.0,0.0,0.0,0.0,1.0,0,3.0,0,0.03843636198162772,0.03843636198162772,0.9615636380183723
1275,1276,369.9,0.0,0.0,0.0,1.0,0.0,0.0,0.0,1.0,0,3.0,0,0.7592259506080872,0.24077404939191283,-0.24077404939191283
1276,1277,313.3,0.0,0.0,0.0,1.0,0.0,0.0,0.0,1.0,0,3.0,0,0.8098909949339819,0.19010900506601813,-0.19010900506601813
1277,1278,220.8,0.0,0.0,0.0,0.0,1.0,0.0,0.0,1.0,1,3.0,0,0.15010518740897677,0.15010518740897677,0.8498948125910233
1278,1279,348.2,1.0,0.0,1.0,0.0,0.0,0.0,0.0,1.0,1,3.0,1,0.6710551142887258,0.3289448857112743,-0.3289448857112743
1279,1280,403.6,0.0,0.0,0.0,1.0,0.0,0.0,0.0,1.0,0,3.0,1,0.7402735672633255,0.2597264327366745,-0.2597264327366745
1280,1281,447.1,0.0,1.0,1.0,1.0,1.0,0.0,0.0,1.0,0,3.0,0,0.7949266798410471,0.20507332015895285,-0.20507332015895285
1281,1282,378.6,1.0,0.0,1.0,1.0,1.0,0.0,0.0,1.0,0,3.0,0,0.16192062624466955,0.16192062624466955,0.8380793737553305
1282,1283,337.9,1.0,0.0,1.0,1.0,1.0,0.0,0.0,1.0,0,3.0,0,0.3382740527338205,0.3382740527338205,0.6617259472661795
1283,1284,457.4,1.0,1.0,0.0,1.0,0.0,0.0,0.0,1.0,0,3.0,0,0.477518188613531,0.477518188613531,0.522481811386469
1284,1285,436.8,0.0,1.0,1.0,1.0,1.0,0.0,0.0,1.0,0,3.0,0,0.4125382182117705,0.5874617817882295,-0.5874617817882295
1285,1286,560.2,0.0,1.0,1.0,1.0,1.0,0.0,0.0,1.0,0,3.0,0,0.5361552661836748,0.46384473381632524,-0.46384473381632524
1286,1287,607.7,0.0,1.0,1.0,1.0,1.0,0.0,0.0,1.0,0,3.0,0,0.6337601121315217,0.3662398878684783,-0.3662398878684783
1287,1288,407.1,0.0,1.0,1.0,1.0,1.0,0.0,0.0,1.0,0,3.0,0,0.7108263914902407,0.28917360850975926,-0.28917360850975926
1288,1289,378.6,0.0,0.0,0.0,1.0,0.0,0.0,0.0,1.0,0,3.0,0,0.771675946207735,0.22832405379226495,-0.22832405379226495
1289,1290,354.0,0.0,1.0,1.0,1.0,1.0,0.0,0.0,1.0,0,3.0,0,0.8197211916786185,0.1802788083213815,-0.1802788083213815
1290,1291,381.4,0.0,1.0,1.0,1.0,1.0,0.0,0.0,1.0,0,3.0,0,0.8576564834498465,0.1423435165501535,-0.1423435165501535
1291,1292,440.9,0.0,1.0,1.0,1.0,1.0,0.0,0.0,1.0,0,3.0,0,0.8876092154561865,0.11239078454381343,-0.11239078454381343
1292,1293,356.3,0.0,1.0,1.0,1.0,1.0,0.0,0.0,1.0,0,3.0,0,0.9112591233059553,0.08874087669404476,-0.08874087669404476
1293,1294,307.7,1.0,0.0,1.0,1.0,1.0,0.0,0.0,1.0,0,3.0,0,0.0700675169088953,0.0700675169088953,0.9299324830911047
1294,1295,327.2,0.0,1.0,1.0,1.0,1.0,0.0,0.0,1.0,0,3.0,0,0.7342508031306121,0.26574919686938797,-0.26574919686938797
1295,1296,670.6,0.0,0.0,0.0,1.0,0.0,0.0,0.0,1.0,0,3.0,0,0.7901712599778635,0.20982874002213647,-0.20982874002213647
